-8.702e-04 2.251e-01 2.268e-01 8.535e-01 8.552e-01 1.740e+00 1.741e+00 2.680e+00 2.682e+00 3.460e+00 3.462e+00 3.901e+00 3.902e+00
-1.762e-03 2.211e-01 2.245e-01 8.432e-01 8.466e-01 1.720e+00 1.724e+00 2.652e+00 2.655e+00 3.424e+00 3.427e+00 3.860e+00 3.863e+00
-2.678e-03 2.170e-01 2.222e-01 8.328e-01 8.380e-01 1.701e+00 1.706e+00 2.623e+00 2.628e+00 3.387e+00 3.392e+00 3.819e+00 3.824e+00
-3.618e-03 2.130e-01 2.199e-01 8.224e-01 8.293e-01 1.682e+00 1.689e+00 2.594e+00 2.601e+00 3.350e+00 3.357e+00 3.778e+00 3.784e+00
-4.584e-03 2.090e-01 2.176e-01 8.121e-01 8.207e-01 1.662e+00 1.671e+00 2.565e+00 2.574e+00 3.314e+00 3.322e+00 3.737e+00 3.745e+00
-5.579e-03 2.049e-01 2.153e-01 8.017e-01 8.120e-01 1.643e+00 1.653e+00 2.536e+00 2.547e+00 3.277e+00 3.287e+00 3.696e+00 3.705e+00
-6.603e-03 2.009e-01 2.131e-01 7.913e-01 8.034e-01 1.624e+00 1.636e+00 2.508e+00 2.520e+00 3.240e+00 3.252e+00 3.655e+00 3.666e+00
-7.659e-03 1.968e-01 2.108e-01 7.810e-01 7.948e-01 1.604e+00 1.618e+00 2.479e+00 2.492e+00 3.204e+00 3.217e+00 3.614e+00 3.627e+00
-8.749e-03 1.928e-01 2.085e-01 7.706e-01 7.861e-01 1.585e+00 1.601e+00 2.450e+00 2.465e+00 3.167e+00 3.182e+00 3.573e+00 3.587e+00
-9.875e-03 1.887e-01 2.062e-01 7.603e-01 7.775e-01 1.566e+00 1.583e+00 2.421e+00 2.438e+00 3.130e+00 3.147e+00 3.532e+00 3.548e+00
-1.104e-02 1.847e-01 2.039e-01 7.499e-01 7.688e-01 1.547e+00 1.565e+00 2.392e+00 2.411e+00 3.094e+00 3.112e+00 3.491e+00 3.508e+00
-1.225e-02 1.806e-01 2.016e-01 7.395e-01 7.602e-01 1.527e+00 1.548e+00 2.364e+00 2.384e+00 3.057e+00 3.077e+00 3.450e+00 3.469e+00
-1.350e-02 1.766e-01 1.993e-01 7.292e-01 7.516e-01 1.508e+00 1.530e+00 2.335e+00 2.357e+00 3.020e+00 3.042e+00 3.409e+00 3.429e+00
-1.479e-02 1.725e-01 1.970e-01 7.188e-01 7.429e-01 1.489e+00 1.513e+00 2.306e+00 2.330e+00 2.984e+00 3.007e+00 3.369e+00 3.390e+00
-1.614e-02 1.685e-01 1.947e-01 7.085e-01 7.343e-01 1.469e+00 1.495e+00 2.277e+00 2.303e+00 2.947e+00 2.972e+00 3.328e+00 3.351e+00
-1.754e-02 1.644e-01 1.924e-01 6.981e-01 7.257e-01 1.450e+00 1.477e+00 2.248e+00 2.276e+00 2.911e+00 2.937e+00 3.287e+00 3.311e+00
-1.900e-02 1.604e-01 1.901e-01 6.878e-01 7.170e-01 1.431e+00 1.460e+00 2.220e+00 2.249e+00 2.874e+00 2.903e+00 3.246e+00 3.272e+00
-2.053e-02 1.564e-01 1.879e-01 6.774e-01 7.084e-01 1.411e+00 1.442e+00 2.191e+00 2.222e+00 2.837e+00 2.868e+00 3.206e+00 3.232e+00
-2.212e-02 1.523e-01 1.856e-01 6.671e-01 6.997e-01 1.392e+00 1.425e+00 2.162e+00 2.194e+00 2.801e+00 2.833e+00 3.165e+00 3.193e+00
-2.378e-02 1.483e-01 1.833e-01 6.567e-01 6.911e-01 1.373e+00 1.407e+00 2.133e+00 2.167e+00 2.764e+00 2.798e+00 3.125e+00 3.154e+00
-2.551e-02 1.443e-01 1.810e-01 6.464e-01 6.825e-01 1.354e+00 1.390e+00 2.105e+00 2.140e+00 2.728e+00 2.763e+00 3.084e+00 3.114e+00
-2.734e-02 1.403e-01 1.787e-01 6.361e-01 6.738e-01 1.334e+00 1.372e+00 2.076e+00 2.113e+00 2.691e+00 2.728e+00 3.044e+00 3.075e+00
-2.925e-02 1.364e-01 1.764e-01 6.257e-01 6.652e-01 1.315e+00 1.354e+00 2.047e+00 2.086e+00 2.655e+00 2.693e+00 3.003e+00 3.035e+00
-3.125e-02 1.325e-01 1.741e-01 6.154e-01 6.565e-01 1.296e+00 1.337e+00 2.018e+00 2.059e+00 2.618e+00 2.658e+00 2.963e+00 2.996e+00
-3.336e-02 1.285e-01 1.718e-01 6.051e-01 6.479e-01 1.277e+00 1.319e+00 1.990e+00 2.032e+00 2.582e+00 2.623e+00 2.922e+00 2.956e+00
-3.557e-02 1.247e-01 1.695e-01 5.948e-01 6.393e-01 1.257e+00 1.302e+00 1.961e+00 2.005e+00 2.545e+00 2.588e+00 2.882e+00 2.917e+00
-3.791e-02 1.208e-01 1.672e-01 5.845e-01 6.306e-01 1.238e+00 1.284e+00 1.932e+00 1.978e+00 2.509e+00 2.553e+00 2.842e+00 2.878e+00
-4.037e-02 1.170e-01 1.649e-01 5.743e-01 6.220e-01 1.219e+00 1.266e+00 1.904e+00 1.951e+00 2.472e+00 2.518e+00 2.801e+00 2.838e+00
-4.296e-02 1.133e-01 1.627e-01 5.640e-01 6.133e-01 1.200e+00 1.249e+00 1.875e+00 1.924e+00 2.436e+00 2.483e+00 2.761e+00 2.799e+00
-4.570e-02 1.095e-01 1.604e-01 5.538e-01 6.047e-01 1.181e+00 1.231e+00 1.846e+00 1.896e+00 2.400e+00 2.448e+00 2.721e+00 2.759e+00
-4.858e-02 1.059e-01 1.581e-01 5.435e-01 5.961e-01 1.161e+00 1.214e+00 1.818e+00 1.869e+00 2.363e+00 2.413e+00 2.681e+00 2.720e+00
-5.164e-02 1.023e-01 1.558e-01 5.333e-01 5.874e-01 1.142e+00 1.196e+00 1.789e+00 1.842e+00 2.327e+00 2.378e+00 2.640e+00 2.680e+00
-5.486e-02 9.872e-02 1.535e-01 5.231e-01 5.788e-01 1.123e+00 1.178e+00 1.760e+00 1.815e+00 2.291e+00 2.343e+00 2.600e+00 2.641e+00
-5.827e-02 9.524e-02 1.512e-01 5.130e-01 5.702e-01 1.104e+00 1.161e+00 1.732e+00 1.788e+00 2.254e+00 2.308e+00 2.560e+00 2.602e+00
-6.187e-02 9.183e-02 1.489e-01 5.028e-01 5.615e-01 1.085e+00 1.143e+00 1.703e+00 1.761e+00 2.218e+00 2.273e+00 2.520e+00 2.562e+00
-6.567e-02 8.850e-02 1.466e-01 4.927e-01 5.529e-01 1.066e+00 1.126e+00 1.675e+00 1.734e+00 2.182e+00 2.238e+00 2.480e+00 2.523e+00
-6.969e-02 8.524e-02 1.443e-01 4.826e-01 5.442e-01 1.046e+00 1.108e+00 1.646e+00 1.707e+00 2.146e+00 2.203e+00 2.440e+00 2.483e+00
-7.393e-02 8.206e-02 1.420e-01 4.725e-01 5.356e-01 1.027e+00 1.091e+00 1.618e+00 1.680e+00 2.109e+00 2.168e+00 2.400e+00 2.444e+00
-7.841e-02 7.897e-02 1.397e-01 4.625e-01 5.270e-01 1.008e+00 1.073e+00 1.589e+00 1.653e+00 2.073e+00 2.133e+00 2.361e+00 2.405e+00
-8.313e-02 7.597e-02 1.375e-01 4.524e-01 5.183e-01 9.893e-01 1.055e+00 1.561e+00 1.626e+00 2.037e+00 2.098e+00 2.321e+00 2.365e+00
-8.811e-02 7.306e-02 1.352e-01 4.425e-01 5.097e-01 9.703e-01 1.038e+00 1.532e+00 1.598e+00 2.001e+00 2.063e+00 2.281e+00 2.326e+00
-9.336e-02 7.024e-02 1.329e-01 4.325e-01 5.010e-01 9.513e-01 1.020e+00 1.504e+00 1.571e+00 1.965e+00 2.028e+00 2.241e+00 2.286e+00
-9.888e-02 6.751e-02 1.306e-01 4.226e-01 4.924e-01 9.324e-01 1.003e+00 1.475e+00 1.544e+00 1.929e+00 1.993e+00 2.201e+00 2.247e+00
-1.047e-01 6.487e-02 1.283e-01 4.128e-01 4.838e-01 9.135e-01 9.850e-01 1.447e+00 1.517e+00 1.893e+00 1.958e+00 2.162e+00 2.207e+00
-1.108e-01 6.233e-02 1.260e-01 4.030e-01 4.751e-01 8.946e-01 9.674e-01 1.419e+00 1.490e+00 1.857e+00 1.923e+00 2.122e+00 2.168e+00
-1.172e-01 5.988e-02 1.237e-01 3.932e-01 4.665e-01 8.757e-01 9.498e-01 1.390e+00 1.463e+00 1.821e+00 1.888e+00 2.082e+00 2.129e+00
-1.239e-01 5.752e-02 1.214e-01 3.835e-01 4.579e-01 8.569e-01 9.322e-01 1.362e+00 1.436e+00 1.786e+00 1.853e+00 2.043e+00 2.089e+00
-1.310e-01 5.526e-02 1.191e-01 3.739e-01 4.492e-01 8.382e-01 9.146e-01 1.334e+00 1.409e+00 1.750e+00 1.818e+00 2.003e+00 2.050e+00
-1.383e-01 5.307e-02 1.168e-01 3.643e-01 4.406e-01 8.195e-01 8.971e-01 1.306e+00 1.382e+00 1.714e+00 1.783e+00 1.964e+00 2.010e+00
-1.460e-01 5.098e-02 1.145e-01 3.548e-01 4.319e-01 8.008e-01 8.795e-01 1.278e+00 1.355e+00 1.679e+00 1.749e+00 1.924e+00 1.971e+00
-1.541e-01 4.896e-02 1.123e-01 3.453e-01 4.233e-01 7.822e-01 8.619e-01 1.250e+00 1.328e+00 1.643e+00 1.714e+00 1.885e+00 1.932e+00
-1.625e-01 4.703e-02 1.100e-01 3.360e-01 4.147e-01 7.636e-01 8.443e-01 1.222e+00 1.300e+00 1.607e+00 1.679e+00 1.846e+00 1.892e+00
-1.713e-01 4.517e-02 1.077e-01 3.267e-01 4.060e-01 7.451e-01 8.267e-01 1.194e+00 1.273e+00 1.572e+00 1.644e+00 1.806e+00 1.853e+00
-1.805e-01 4.338e-02 1.054e-01 3.174e-01 3.974e-01 7.266e-01 8.091e-01 1.166e+00 1.246e+00 1.537e+00 1.609e+00 1.767e+00 1.813e+00
-1.900e-01 4.167e-02 1.031e-01 3.083e-01 3.887e-01 7.083e-01 7.915e-01 1.138e+00 1.219e+00 1.501e+00 1.574e+00 1.728e+00 1.774e+00
-2.000e-01 4.002e-02 1.008e-01 2.992e-01 3.801e-01 6.900e-01 7.739e-01 1.110e+00 1.192e+00 1.466e+00 1.539e+00 1.689e+00 1.734e+00
-2.103e-01 3.843e-02 9.851e-02 2.903e-01 3.715e-01 6.717e-01 7.563e-01 1.083e+00 1.165e+00 1.431e+00 1.504e+00 1.650e+00 1.695e+00
-2.211e-01 3.690e-02 9.622e-02 2.814e-01 3.628e-01 6.536e-01 7.387e-01 1.055e+00 1.138e+00 1.396e+00 1.469e+00 1.610e+00 1.656e+00
-2.323e-01 3.543e-02 9.393e-02 2.726e-01 3.542e-01 6.355e-01 7.212e-01 1.027e+00 1.111e+00 1.361e+00 1.434e+00 1.571e+00 1.616e+00
-2.439e-01 3.402e-02 9.164e-02 2.639e-01 3.455e-01 6.175e-01 7.036e-01 1.000e+00 1.084e+00 1.326e+00 1.399e+00 1.532e+00 1.577e+00
-2.559e-01 3.265e-02 8.934e-02 2.554e-01 3.369e-01 5.996e-01 6.860e-01 9.727e-01 1.057e+00 1.291e+00 1.364e+00 1.493e+00 1.537e+00
-2.685e-01 3.133e-02 8.705e-02 2.469e-01 3.283e-01 5.818e-01 6.684e-01 9.454e-01 1.029e+00 1.256e+00 1.329e+00 1.454e+00 1.498e+00
-2.814e-01 3.006e-02 8.476e-02 2.385e-01 3.196e-01 5.641e-01 6.508e-01 9.182e-01 1.002e+00 1.221e+00 1.294e+00 1.415e+00 1.458e+00
-2.949e-01 2.883e-02 8.247e-02 2.303e-01 3.110e-01 5.464e-01 6.332e-01 8.911e-01 9.753e-01 1.186e+00 1.259e+00 1.377e+00 1.419e+00
-3.088e-01 2.764e-02 8.018e-02 2.221e-01 3.024e-01 5.289e-01 6.156e-01 8.641e-01 9.482e-01 1.152e+00 1.224e+00 1.338e+00 1.380e+00
-3.232e-01 2.649e-02 7.789e-02 2.141e-01 2.937e-01 5.115e-01 5.980e-01 8.372e-01 9.211e-01 1.117e+00 1.189e+00 1.299e+00 1.340e+00
-3.381e-01 2.538e-02 7.560e-02 2.062e-01 2.851e-01 4.943e-01 5.804e-01 8.104e-01 8.940e-01 1.083e+00 1.154e+00 1.260e+00 1.301e+00
-3.535e-01 2.429e-02 7.331e-02 1.983e-01 2.764e-01 4.771e-01 5.629e-01 7.838e-01 8.669e-01 1.049e+00 1.119e+00 1.221e+00 1.261e+00
-3.694e-01 2.325e-02 7.102e-02 1.907e-01 2.678e-01 4.601e-01 5.453e-01 7.572e-01 8.399e-01 1.014e+00 1.084e+00 1.183e+00 1.222e+00
-3.859e-01 2.223e-02 6.873e-02 1.831e-01 2.592e-01 4.432e-01 5.277e-01 7.308e-01 8.128e-01 9.803e-01 1.049e+00 1.144e+00 1.183e+00
-4.028e-01 2.124e-02 6.644e-02 1.756e-01 2.505e-01 4.264e-01 5.101e-01 7.044e-01 7.857e-01 9.463e-01 1.014e+00 1.105e+00 1.143e+00
-4.203e-01 2.027e-02 6.414e-02 1.682e-01 2.419e-01 4.098e-01 4.925e-01 6.782e-01 7.586e-01 9.123e-01 9.792e-01 1.067e+00 1.104e+00
-4.383e-01 1.933e-02 6.185e-02 1.610e-01 2.332e-01 3.932e-01 4.749e-01 6.522e-01 7.315e-01 8.785e-01 9.442e-01 1.028e+00 1.064e+00
-4.569e-01 1.842e-02 5.956e-02 1.538e-01 2.246e-01 3.769e-01 4.573e-01 6.262e-01 7.044e-01 8.447e-01 9.092e-01 9.898e-01 1.025e+00
-4.760e-01 1.753e-02 5.727e-02 1.468e-01 2.160e-01 3.606e-01 4.397e-01 6.004e-01 6.773e-01 8.110e-01 8.743e-01 9.514e-01 9.855e-01
-4.956e-01 1.666e-02 5.498e-02 1.399e-01 2.073e-01 3.446e-01 4.221e-01 5.747e-01 6.502e-01 7.775e-01 8.393e-01 9.129e-01 9.461e-01
-5.157e-01 1.581e-02 5.269e-02 1.331e-01 1.987e-01 3.286e-01 4.046e-01 5.492e-01 6.231e-01 7.440e-01 8.043e-01 8.745e-01 9.066e-01
-5.364e-01 1.497e-02 5.040e-02 1.264e-01 1.901e-01 3.128e-01 3.870e-01 5.238e-01 5.960e-01 7.106e-01 7.693e-01 8.362e-01 8.672e-01
-5.577e-01 1.416e-02 4.811e-02 1.198e-01 1.814e-01 2.972e-01 3.694e-01 4.985e-01 5.689e-01 6.773e-01 7.344e-01 7.979e-01 8.278e-01
-5.794e-01 1.336e-02 4.582e-02 1.133e-01 1.728e-01 2.817e-01 3.518e-01 4.734e-01 5.418e-01 6.442e-01 6.994e-01 7.596e-01 7.884e-01
-6.017e-01 1.259e-02 4.353e-02 1.068e-01 1.641e-01 2.663e-01 3.342e-01 4.484e-01 5.147e-01 6.111e-01 6.644e-01 7.213e-01 7.490e-01
-6.246e-01 1.182e-02 4.124e-02 1.005e-01 1.555e-01 2.511e-01 3.166e-01 4.236e-01 4.877e-01 5.781e-01 6.295e-01 6.831e-01 7.095e-01
-6.479e-01 1.107e-02 3.894e-02 9.430e-02 1.469e-01 2.360e-01 2.990e-01 3.989e-01 4.606e-01 5.452e-01 5.945e-01 6.449e-01 6.701e-01
-6.718e-01 1.034e-02 3.665e-02 8.816e-02 1.382e-01 2.211e-01 2.814e-01 3.744e-01 4.335e-01 5.124e-01 5.595e-01 6.067e-01 6.307e-01
-6.961e-01 9.613e-03 3.436e-02 8.211e-02 1.296e-01 2.063e-01 2.638e-01 3.499e-01 4.064e-01 4.797e-01 5.246e-01 5.686e-01 5.913e-01
-7.210e-01 8.903e-03 3.207e-02 7.614e-02 1.209e-01 1.917e-01 2.462e-01 3.257e-01 3.793e-01 4.471e-01 4.896e-01 5.305e-01 5.519e-01
-7.464e-01 8.205e-03 2.978e-02 7.026e-02 1.123e-01 1.772e-01 2.287e-01 3.016e-01 3.522e-01 4.146e-01 4.546e-01 4.924e-01 5.124e-01
-7.723e-01 7.519e-03 2.749e-02 6.445e-02 1.037e-01 1.628e-01 2.111e-01 2.776e-01 3.251e-01 3.822e-01 4.196e-01 4.544e-01 4.730e-01
-7.986e-01 6.843e-03 2.520e-02 5.872e-02 9.503e-02 1.486e-01 1.935e-01 2.537e-01 2.980e-01 3.498e-01 3.847e-01 4.163e-01 4.336e-01
-8.255e-01 6.178e-03 2.291e-02 5.307e-02 8.639e-02 1.344e-01 1.759e-01 2.300e-01 2.709e-01 3.176e-01 3.497e-01 3.784e-01 3.942e-01
-8.528e-01 5.523e-03 2.062e-02 4.748e-02 7.775e-02 1.205e-01 1.583e-01 2.065e-01 2.438e-01 2.855e-01 3.147e-01 3.404e-01 3.548e-01
-8.805e-01 4.876e-03 1.833e-02 4.196e-02 6.911e-02 1.066e-01 1.407e-01 1.830e-01 2.167e-01 2.534e-01 2.798e-01 3.025e-01 3.154e-01
-9.087e-01 4.239e-03 1.604e-02 3.651e-02 6.047e-02 9.291e-02 1.231e-01 1.597e-01 1.896e-01 2.215e-01 2.448e-01 2.646e-01 2.759e-01
-9.373e-01 3.611e-03 1.375e-02 3.112e-02 5.183e-02 7.930e-02 1.055e-01 1.365e-01 1.626e-01 1.896e-01 2.098e-01 2.267e-01 2.365e-01
-9.664e-01 2.991e-03 1.145e-02 2.580e-02 4.319e-02 6.581e-02 8.795e-02 1.135e-01 1.355e-01 1.578e-01 1.749e-01 1.889e-01 1.971e-01
-9.958e-01 2.378e-03 9.164e-03 2.053e-02 3.455e-02 5.244e-02 7.036e-02 9.054e-02 1.084e-01 1.261e-01 1.399e-01 1.510e-01 1.577e-01
-1.026e+00 1.773e-03 6.873e-03 1.532e-02 2.592e-02 3.917e-02 5.277e-02 6.773e-02 8.128e-02 9.443e-02 1.049e-01 1.132e-01 1.183e-01
-1.056e+00 1.175e-03 4.582e-03 1.016e-02 1.728e-02 2.601e-02 3.518e-02 4.504e-02 5.418e-02 6.287e-02 6.994e-02 7.547e-02 7.884e-02
-1.087e+00 5.844e-04 2.291e-03 5.054e-03 8.639e-03 1.296e-02 1.759e-02 2.247e-02 2.709e-02 3.140e-02 3.497e-02 3.772e-02 3.942e-02
-1.118e+00 1.888e-17 1.056e-16 2.626e-16 3.904e-16 6.085e-16 7.920e-16 1.011e-15 1.238e-15 1.404e-15 1.554e-15 1.581e-15 1.681e-15
