3 0.58 1.0 6.0 1.72 1.7
5 0.57 2.5 4.3 4.29 1.7
7 0.52 4.0 2.7 7.77 1.9
9 0.53 7.1 2.3 13.21 1.9
11 0.56 11.6 1.7 20.92 1.8
13 0.55 16.3 1.9 29.48 1.8
15 0.54 20.8 1.7 38.43 1.8
17 0.56 28.5 1.4 51.01 1.8
19 0.52 31.6 1.0 60.57 1.9
21 0.54 40.3 1.0 74.8 1.9
23 0.52 45.7 0.8 88.35 1.9
25 0.54 58.2 0.8 107.1 1.8
27 0.55 70.0 0.8 127.09 1.8
29 0.51 72.6 0.6 141.11 1.9
31 0.52 82.8 0.6 159.67 1.9
41 0.54 154.5 0.6 287.03 1.9
51 0.53 150.0 0.5 283.3 1.9
61 0.55 161.5 0.5 293.61 1.8
71 0.54 469.2 0.3 865.86 1.8
