3 1.00000466341032
5 1.000082479015918
7 1.0000474906730858
9 1.0000377498402213
11 1.0015455282565642
13 1.0000994291339713
15 1.001748382181722
17 1.0007549783240324
19 1.0028680725178547
21 1.0067326127376142
23 1.008646202229301
25 1.0139139063962803
27 1.0217479480643639
29 1.0213845014473015
31 3.795158469355553
33 4.285755412398218
35 3.795158469355553
37 5.3620393971787985
41 6.591947586620157
47 8.665314001540347
51 10.2012557685251
57 12.744752965888145
61 14.595285992659553
67 17.60781612866577
71 19.774248984022904
