3 1.72 2.0 0.581 1.0 6.0
5 4.29 2.0 0.573 2.5 4.344827586206897
7 7.77 2.0 0.515 4.0 2.689655172413793
9 13.21 2.0 0.534 7.1 2.2758620689655173
11 20.92 2.0 0.555 11.6 1.6551724137931034
13 29.48 2.0 0.551 16.3 1.8620689655172413
15 38.43 2.0 0.542 20.8 1.6551724137931034
17 51.01 2.0 0.559 28.5 1.4482758620689655
19 60.57 2.0 0.522 31.6 1.0344827586206897
21 74.8 2.0 0.539 40.3 1.0344827586206897
23 88.35 2.0 0.517 45.7 0.8275862068965517
25 107.1 2.0 0.544 58.2 0.8275862068965517
27 127.09 2.0 0.551 70.0 0.8275862068965517
29 141.11 2.0 0.514 72.6 0.6206896551724138
31 159.67 2.0 0.519 82.8 0.6206896551724138
41 287.03 2.0 0.538 154.5 0.6
51 283.3 2.0 0.529 150.0 0.5
61 293.61 2.0 0.55 161.5 0.5
71 865.86 2.0 0.542 469.2 0.3
