1.000e-01 5.941e-02 5.999e-02 6.057e-02 6.116e-02 6.174e-02 6.231e-02 6.289e-02 6.346e-02
2.099e+00 9.890e-02 1.518e-01 2.028e-01 2.301e-01 2.196e-01 1.772e-01 1.267e-01 9.484e-02
4.098e+00 1.258e-01 2.166e-01 2.640e-01 2.079e-01 1.240e-01 1.268e-01 1.599e-01 1.269e-01
6.097e+00 1.455e-01 2.569e-01 2.458e-01 1.371e-01 1.639e-01 1.543e-01 1.150e-01 1.417e-01
8.096e+00 1.763e-01 3.076e-01 1.805e-01 1.581e-01 1.884e-01 1.242e-01 1.451e-01 1.297e-01
1.010e+01 1.536e-01 2.550e-01 2.124e-01 1.484e-01 1.799e-01 1.266e-01 1.281e-01 1.458e-01
1.209e+01 1.921e-01 3.421e-01 1.296e-01 2.293e-01 1.409e-01 1.168e-01 1.376e-01 1.434e-01
1.409e+01 2.507e-01 3.354e-01 1.480e-01 1.349e-01 1.851e-01 1.832e-01 1.666e-01 1.517e-01
1.609e+01 2.963e-01 2.288e-01 2.926e-01 1.614e-01 1.182e-01 1.147e-01 1.296e-01 1.513e-01
1.809e+01 3.289e-01 1.809e-01 3.022e-01 2.217e-01 1.849e-01 1.534e-01 1.262e-01 1.263e-01
2.009e+01 3.178e-01 9.353e-02 1.880e-01 1.605e-01 9.364e-02 1.390e-01 1.782e-01 8.861e-02
2.209e+01 2.726e-01 1.483e-01 1.117e-01 1.339e-01 2.332e-01 1.149e-01 1.612e-01 9.799e-02
2.409e+01 2.637e-01 1.879e-01 1.906e-01 2.435e-01 1.174e-01 1.912e-01 8.970e-02 1.402e-01
2.609e+01 3.013e-01 1.653e-01 1.683e-01 1.730e-01 1.786e-01 1.217e-01 1.089e-01 1.479e-01
2.809e+01 2.690e-01 2.247e-01 2.346e-01 1.296e-01 1.887e-01 1.693e-01 1.347e-01 1.190e-01
3.009e+01 2.711e-01 2.558e-01 2.187e-01 1.775e-01 1.341e-01 1.144e-01 1.054e-01 1.035e-01
3.208e+01 2.241e-01 3.536e-01 2.202e-01 1.926e-01 1.510e-01 1.430e-01 1.357e-01 1.223e-01
3.408e+01 1.526e-01 3.933e-01 1.103e-01 2.475e-01 1.971e-01 1.526e-01 1.282e-01 1.224e-01
3.608e+01 1.421e-01 2.411e-01 1.729e-01 8.628e-02 9.685e-02 2.057e-01 1.344e-01 1.294e-01
3.808e+01 1.173e-01 1.876e-01 2.489e-01 2.043e-01 2.197e-01 9.371e-02 1.842e-01 1.063e-01
4.008e+01 1.187e-01 1.292e-01 3.060e-01 2.598e-01 1.139e-01 1.833e-01 1.165e-01 1.035e-01
4.208e+01 1.180e-01 1.358e-01 2.172e-01 1.341e-01 1.843e-01 1.054e-01 1.075e-01 1.110e-01
4.408e+01 9.076e-02 1.641e-01 1.437e-01 1.871e-01 1.520e-01 2.258e-01 1.943e-01 1.672e-01
4.608e+01 9.037e-02 1.370e-01 1.515e-01 1.871e-01 1.690e-01 1.408e-01 1.542e-01 1.723e-01
4.808e+01 1.113e-01 2.006e-01 1.597e-01 2.101e-01 1.651e-01 1.352e-01 1.203e-01 1.520e-01
5.008e+01 1.438e-01 2.783e-01 2.232e-01 1.541e-01 1.503e-01 1.401e-01 1.431e-01 1.126e-01
5.207e+01 1.874e-01 3.501e-01 2.536e-01 1.715e-01 1.694e-01 1.770e-01 1.098e-01 1.345e-01
5.407e+01 2.222e-01 3.734e-01 2.822e-01 2.288e-01 1.813e-01 1.518e-01 1.120e-01 1.262e-01
5.607e+01 2.144e-01 2.600e-01 1.007e-01 2.009e-01 9.971e-02 1.777e-01 1.242e-01 1.197e-01
5.807e+01 2.369e-01 2.228e-01 1.249e-01 1.158e-01 2.194e-01 1.219e-01 9.049e-02 9.065e-02
6.007e+01 2.747e-01 2.023e-01 2.011e-01 2.410e-01 1.000e-01 1.692e-01 1.456e-01 9.778e-02
6.207e+01 2.774e-01 1.627e-01 2.957e-01 2.306e-01 1.655e-01 1.721e-01 1.868e-01 1.013e-01
6.407e+01 3.411e-01 1.428e-01 2.002e-01 1.082e-01 1.791e-01 1.387e-01 1.099e-01 1.426e-01
6.607e+01 3.222e-01 9.461e-02 2.382e-01 2.033e-01 1.539e-01 2.031e-01 1.315e-01 1.528e-01
6.807e+01 2.918e-01 1.444e-01 1.801e-01 1.799e-01 1.853e-01 1.140e-01 1.649e-01 1.339e-01
7.006e+01 2.796e-01 2.330e-01 1.170e-01 2.330e-01 1.726e-01 1.647e-01 1.371e-01 9.523e-02
7.206e+01 2.247e-01 3.324e-01 1.807e-01 1.280e-01 1.461e-01 1.473e-01 1.427e-01 1.213e-01
7.406e+01 2.102e-01 3.544e-01 3.087e-01 1.540e-01 1.668e-01 1.753e-01 1.443e-01 1.421e-01
7.606e+01 2.099e-01 2.898e-01 2.505e-01 2.693e-01 1.071e-01 1.517e-01 1.339e-01 1.347e-01
7.806e+01 1.895e-01 2.703e-01 1.128e-01 1.451e-01 1.903e-01 1.561e-01 1.466e-01 1.091e-01
8.006e+01 1.395e-01 2.584e-01 1.596e-01 1.670e-01 1.190e-01 1.020e-01 1.195e-01 1.270e-01
8.206e+01 1.117e-01 2.079e-01 1.696e-01 2.164e-01 1.908e-01 2.225e-01 7.897e-02 1.467e-01
8.406e+01 7.970e-02 1.572e-01 2.058e-01 1.826e-01 1.977e-01 1.250e-01 1.191e-01 1.565e-01
8.606e+01 8.482e-02 9.246e-02 2.235e-01 1.331e-01 1.328e-01 1.752e-01 1.687e-01 1.524e-01
8.806e+01 1.143e-01 1.402e-01 3.058e-01 1.852e-01 2.113e-01 1.101e-01 1.093e-01 1.266e-01
9.005e+01 1.073e-01 2.057e-01 1.499e-01 2.003e-01 1.487e-01 1.411e-01 1.311e-01 8.742e-02
9.205e+01 1.300e-01 2.670e-01 1.195e-01 1.948e-01 1.086e-01 1.735e-01 1.769e-01 8.156e-02
9.405e+01 1.310e-01 2.717e-01 1.944e-01 1.027e-01 1.825e-01 1.605e-01 1.252e-01 1.183e-01
9.605e+01 1.429e-01 2.470e-01 3.032e-01 1.902e-01 1.067e-01 1.050e-01 1.500e-01 1.193e-01
9.805e+01 2.277e-01 3.109e-01 2.464e-01 2.760e-01 1.702e-01 1.583e-01 1.355e-01 9.756e-02
1.000e+02 2.526e-01 3.244e-01 1.815e-01 8.333e-02 1.777e-01 1.161e-01 1.137e-01 9.872e-02
1.020e+02 2.873e-01 2.652e-01 1.579e-01 1.781e-01 1.834e-01 1.807e-01 2.028e-01 1.597e-01
1.040e+02 2.945e-01 1.715e-01 1.174e-01 1.800e-01 1.914e-01 1.543e-01 1.359e-01 1.678e-01
1.060e+02 2.630e-01 8.709e-02 1.623e-01 1.837e-01 1.397e-01 1.045e-01 7.908e-02 1.566e-01
1.080e+02 2.768e-01 1.332e-01 2.452e-01 1.563e-01 1.871e-01 1.603e-01 1.398e-01 1.259e-01
1.100e+02 3.088e-01 1.786e-01 3.318e-01 1.197e-01 1.136e-01 1.147e-01 1.208e-01 1.233e-01
1.120e+02 3.214e-01 2.012e-01 1.892e-01 2.329e-01 1.319e-01 1.481e-01 1.054e-01 1.027e-01
1.140e+02 2.964e-01 2.510e-01 1.311e-01 1.524e-01 1.956e-01 1.486e-01 1.289e-01 1.294e-01
1.160e+02 2.696e-01 2.514e-01 1.467e-01 1.369e-01 1.077e-01 1.227e-01 1.326e-01 1.364e-01
1.180e+02 1.826e-01 3.608e-01 2.645e-01 2.223e-01 2.049e-01 1.173e-01 1.604e-01 1.301e-01
1.200e+02 1.655e-01 3.679e-01 2.063e-01 1.769e-01 1.962e-01 1.536e-01 1.645e-01 9.515e-02
1.220e+02 1.723e-01 2.706e-01 2.443e-01 1.049e-01 1.194e-01 1.059e-01 1.134e-01 1.357e-01
1.240e+02 1.396e-01 1.946e-01 2.171e-01 1.986e-01 2.213e-01 2.022e-01 1.189e-01 1.541e-01
1.260e+02 1.409e-01 1.174e-01 1.285e-01 1.958e-01 1.280e-01 8.209e-02 1.872e-01 1.349e-01
1.280e+02 9.622e-02 1.476e-01 1.136e-01 1.628e-01 1.452e-01 1.354e-01 1.593e-01 8.482e-02
1.300e+02 7.268e-02 1.681e-01 2.484e-01 1.180e-01 1.576e-01 1.326e-01 1.060e-01 9.299e-02
1.320e+02 9.721e-02 1.201e-01 3.149e-01 1.562e-01 1.434e-01 1.564e-01 1.452e-01 1.069e-01
1.340e+02 1.149e-01 1.888e-01 1.568e-01 3.037e-01 1.608e-01 1.273e-01 1.256e-01 1.290e-01
1.360e+02 1.623e-01 2.309e-01 1.544e-01 9.357e-02 1.566e-01 1.299e-01 1.043e-01 1.331e-01
1.380e+02 1.741e-01 3.513e-01 1.662e-01 1.493e-01 1.846e-01 8.858e-02 1.140e-01 1.502e-01
1.400e+02 1.648e-01 4.189e-01 1.905e-01 2.171e-01 1.643e-01 1.998e-01 9.833e-02 1.355e-01
1.420e+02 1.894e-01 2.833e-01 1.884e-01 1.688e-01 1.305e-01 1.231e-01 1.477e-01 1.480e-01
1.440e+02 2.441e-01 2.420e-01 3.527e-01 1.771e-01 2.313e-01 1.387e-01 1.888e-01 1.681e-01
1.460e+02 2.855e-01 1.834e-01 2.258e-01 1.362e-01 9.867e-02 1.370e-01 1.145e-01 1.535e-01
1.480e+02 3.187e-01 1.632e-01 1.131e-01 2.132e-01 1.832e-01 1.163e-01 1.251e-01 9.669e-02
1.500e+02 3.374e-01 1.642e-01 1.128e-01 1.707e-01 1.710e-01 1.713e-01 1.850e-01 8.035e-02
1.520e+02 2.743e-01 8.611e-02 2.613e-01 1.424e-01 1.071e-01 1.341e-01 1.290e-01 1.122e-01
1.540e+02 2.819e-01 1.535e-01 2.235e-01 2.278e-01 1.795e-01 1.373e-01 1.226e-01 1.334e-01
1.560e+02 2.711e-01 2.432e-01 2.142e-01 2.117e-01 1.650e-01 1.372e-01 1.581e-01 1.208e-01
1.580e+02 2.561e-01 2.967e-01 2.241e-01 1.026e-01 1.304e-01 1.348e-01 1.215e-01 1.091e-01
1.600e+02 2.777e-01 3.642e-01 1.345e-01 2.076e-01 2.221e-01 1.323e-01 1.494e-01 1.209e-01
1.620e+02 2.221e-01 2.438e-01 1.208e-01 2.433e-01 1.368e-01 2.051e-01 1.197e-01 1.234e-01
1.640e+02 1.709e-01 2.537e-01 2.031e-01 1.430e-01 1.994e-01 1.004e-01 6.963e-02 1.461e-01
1.660e+02 1.342e-01 2.766e-01 3.350e-01 1.584e-01 1.248e-01 1.831e-01 1.459e-01 1.318e-01
1.680e+02 1.078e-01 2.021e-01 2.344e-01 1.540e-01 1.772e-01 9.675e-02 1.482e-01 1.112e-01
1.700e+02 1.052e-01 1.810e-01 1.839e-01 2.995e-01 1.257e-01 1.943e-01 1.068e-01 9.171e-02
1.720e+02 1.135e-01 8.611e-02 1.288e-01 1.404e-01 1.312e-01 1.593e-01 1.580e-01 1.384e-01
1.740e+02 9.962e-02 1.180e-01 1.952e-01 1.251e-01 1.798e-01 1.523e-01 1.620e-01 1.634e-01
1.760e+02 8.554e-02 2.220e-01 1.847e-01 2.622e-01 1.535e-01 1.094e-01 1.426e-01 1.618e-01
1.780e+02 1.044e-01 2.389e-01 2.547e-01 1.915e-01 1.467e-01 1.828e-01 1.336e-01 1.201e-01
1.800e+02 1.260e-01 3.199e-01 2.179e-01 1.659e-01 2.573e-01 1.367e-01 1.306e-01 1.300e-01
1.820e+02 1.829e-01 2.805e-01 1.723e-01 1.758e-01 9.785e-02 2.116e-01 1.355e-01 1.219e-01
1.840e+02 2.224e-01 2.909e-01 1.043e-01 2.058e-01 2.101e-01 1.126e-01 1.618e-01 1.280e-01
1.860e+02 2.123e-01 3.498e-01 1.799e-01 1.714e-01 1.222e-01 1.495e-01 1.420e-01 1.035e-01
1.880e+02 2.559e-01 2.240e-01 3.042e-01 1.647e-01 1.339e-01 1.786e-01 8.608e-02 9.299e-02
1.900e+02 2.453e-01 1.774e-01 2.498e-01 2.028e-01 1.466e-01 1.511e-01 1.356e-01 7.842e-02
1.920e+02 2.728e-01 1.055e-01 1.877e-01 2.385e-01 1.590e-01 1.820e-01 1.368e-01 1.209e-01
1.940e+02 3.371e-01 1.005e-01 1.452e-01 1.126e-01 1.602e-01 1.257e-01 8.073e-02 1.518e-01
1.960e+02 3.310e-01 1.991e-01 1.865e-01 1.681e-01 2.064e-01 1.523e-01 1.422e-01 1.551e-01
1.980e+02 3.139e-01 1.930e-01 1.477e-01 2.899e-01 1.453e-01 1.647e-01 1.563e-01 1.146e-01
