0.1 10.480844200092118 10.954390859801668 10.951384554087102 10.91813760837824
0.6 4.787743695676247 9.71240732465746 9.640273434492943 8.904846671250136
1.0 3.4827835287192976 7.806734661526305 7.68100642061766 6.462382118114948
1.5 3.1491891509103866 6.212585114887891 6.102470346537961 4.875735545010393
2.0 2.851061464002776 5.102252519480412 5.0572331828375 3.981909153951972
2.5 2.6814582703391796 4.352491764397459 4.402652379889073 3.477331128112857
2.9 2.64479383907349 3.829502202039455 3.9911802405592094 3.165433373448426
3.4 2.5539677585197045 3.4463254747581233 3.6940110059303986 2.939447324808215
3.9 2.4832218984785492 3.1555250803178203 3.453954652639418 2.755514891076706
4.4 2.5613641078279072 2.9317753926414416 3.257107846187193 2.606077594428483
4.8 2.6270236827916467 2.7587857699455602 3.0902061588789405 2.4810623070097955
5.3 2.4229146211513934 2.6234637559442384 2.946061618746777 2.373027520603091
5.8 2.000475820942544 2.5150324161294737 2.820496891965587 2.278594914486291
6.3 1.7278782618691464 2.421332214212029 2.7110739717093093 2.1944676952727504
6.7 1.6808163550708726 2.3374153532798116 2.616743742123288 2.1193244283504615
7.2 1.7949940591286628 2.2619182873301336 2.528573302797311 2.051003039307099
7.7 1.9224503320539783 2.1939394931072593 2.4529281325075174 1.9879780092192438
8.2 1.872673155508137 2.1328913108956384 2.380499343880707 1.9362322845606996
8.6 1.8855163307261806 2.076407942151119 2.317775342986917 1.8866023997775963
9.1 2.043334740759348 2.0247658900046472 2.2564208484389794 1.8460476649457038
9.6 2.197932747217026 1.976722440458304 2.2005920821607416 1.8068844115291443
10.1 2.2629800513701204 1.9321293481313917 2.151388625399112 1.766830394465527
10.5 2.218005530420353 1.8894548428870532 2.1022518085244224 1.7270693206438779
11.0 2.4740132907059498 1.8501554614879148 2.0569959316854254 1.6861470469979665
