0.1 12.386452236472504 12.946068551735175 12.9425456829604 12.90323653465568
0.7 5.041545304733845 11.074674965398751 10.972349228993329 9.945603375287199
1.2 3.897130912708542 8.466701640617778 8.316144450499186 6.828928839263839
1.8 3.514365528882202 6.556264879317999 6.462993022407702 5.105088889049777
2.3 3.2179429112125097 5.347837564027694 5.3746515848069185 4.238614116396041
2.9 3.1292529744359907 4.569509281828092 4.749386335763403 3.7663992069823458
3.5 2.995067580309604 4.03393778452375 4.33357627128981 3.4500749031154294
4.0 2.8965358538003665 3.646941909273747 4.012869974312019 3.202023769859946
4.6 2.852368359580344 3.362720387579234 3.751903742704295 3.007709458345597
5.1 2.7905179170464556 3.1520625947458427 3.5370566961719727 2.845525050044577
5.7 2.8909153794786233 2.9917993502459987 3.356058734737568 2.7099534436857216
6.3 3.2004912323184844 2.859787119628158 3.20176635564179 2.592341757180492
6.8 2.945476686998669 2.7441570648876428 3.0699256141362095 2.48747779148228
7.4 2.302099085393178 2.6416887706773373 2.952947734715668 2.3949285150552924
8.0 2.0664754833827605 2.550108742627216 2.8487450486575416 2.3085819785169313
8.5 2.100569814933118 2.467731358974203 2.756737464588154 2.2336576409940667
9.1 2.1191094725036583 2.393535298577179 2.671363311942706 2.1668064391344917
9.6 2.0187954453005643 2.3259960486063376 2.593408374722616 2.1043933681927425
10.2 2.066596629049739 2.263359514862978 2.5258604334547843 2.0478479936299356
10.8 2.2102038931870274 2.2073101880613892 2.4570763511047016 1.9992090802260474
11.3 2.1808891845418925 2.1544468131850643 2.3972305486187486 1.9536486971178348
11.9 2.1800480759129504 2.106393706804617 2.3445779249794523 1.9192053195243928
12.4 2.2777240939256576 2.061907814815723 2.2911704728515767 1.886843353378831
13.0 2.4007787918731776 2.0187702671545975 2.241164512063448 1.8522312792518325
