0.1 14.292060272852902 14.93777093285953 14.93370690202211 14.888326427315711
0.7 5.817167659309924 12.296722822706581 12.161192869826536 10.820331407352983
1.4 4.358291127395806 8.982730273702758 8.818898531593414 7.112740711245486
2.0 3.887842434711368 6.8356001046612125 6.785784054566712 5.34198790005309
2.7 3.628163458640866 5.571792690106693 5.709744490872567 4.521366562753779
3.3 3.5255709903274117 4.775909235372217 5.096716483230776 4.054491490912853
4.0 3.3491637781885593 4.234870272213367 4.652720207080069 3.7125077757902316
4.6 3.327252021738203 3.856449648483732 4.306109435044244 3.4528397303817773
5.3 3.2112415832922325 3.5881270404411154 4.028751620007052 3.2444771605426217
5.9 3.1378444587630447 3.3896981145988505 3.8004681024689466 3.073536089287901
6.6 3.0477471333306076 3.2234796233882235 3.608337109906773 2.9259813759938456
7.2 3.237886962000877 3.0807496468837394 3.444104774113098 2.793496995521192
7.9 3.8520070937055895 2.9562838341882713 3.303329073952374 2.676723163268701
8.5 3.2942142471967037 2.8462716142323865 3.1793429810723035 2.5773268971043684
9.2 2.668429520955333 2.7481481773976184 3.0660451770489723 2.491052599076701
9.8 2.6193951464527103 2.6606223266271734 2.965876048050229 2.408533524306648
10.5 2.4754636754649813 2.57933900765108 2.874956144701977 2.33690652703219
11.1 2.3080677432487233 2.5064847353041833 2.79027848076405 2.2666347421088484
11.8 2.346964498064621 2.439006665089578 2.7176891016576517 2.203871772623033
12.4 2.3556703419647507 2.3774936163516465 2.647472748618312 2.1484973913563765
13.1 2.3468745703840947 2.3196530396058357 2.58112247501052 2.0913038490821
13.7 2.48960405367809 2.2678045569537346 2.5221104838811805 2.046600497529391
14.4 2.4337410675465545 2.2183853675494842 2.4691670163040547 2.0093717711751986
15.0 2.317222797521519 2.1726471416940036 2.41564585774212 1.974215715893528
