0.1 16.19766830923329 16.929473313983884 16.924868214380805 16.873406548448347
0.8 6.028496227921573 13.384316355153425 13.214226433620048 11.550144414461695
1.6 4.786960005569134 9.396110955081635 9.23326432707584 7.356102365385424
2.3 4.208067871816648 7.081594054419737 7.103919201235795 5.59999658851414
3.0 4.074352952472678 5.784485929662915 6.065506422377744 4.814207243378119
3.8 3.8292439928813207 4.977242560722919 5.423012062677942 4.324051690155704
4.5 3.7752935755407355 4.4427293053603645 4.95046719822993 3.9670293349547694
5.2 3.6644988780736956 4.0822630364236625 4.5827923612626424 3.689460646446149
6.0 3.6351014620485285 3.826469923633417 4.2906955804918985 3.4692895755513113
6.7 3.5585956805690486 3.6179707564589108 4.050727148994103 3.2815245011106002
7.4 3.3873558018498153 3.4418790564851314 3.8478276561462574 3.1193684873963363
8.2 3.2597981612086206 3.2896662035451785 3.67341172317635 2.9810720669369646
8.9 3.713714209398809 3.1573526087536656 3.5246054798515827 2.8582550780585194
9.7 4.367448588638697 3.0395246266737344 3.3884793308594605 2.7527952231966286
10.4 3.562988850624651 2.9338139777970187 3.270978352355308 2.657757155068547
11.1 3.3539581469654514 2.8399759339111634 3.1611196569797575 2.569549843661015
11.9 3.0238410893552388 2.7543665070682968 3.0688309308807824 2.49315597242954
12.6 2.7852012524149687 2.6762785558516082 2.9782790796242784 2.423402552621325
13.3 2.769556712741489 2.604241108378737 2.896492783822965 2.3544477894615636
14.1 2.610737297305554 2.5388053057233613 2.8246154359248816 2.2956124399912903
14.8 2.5957703758850235 2.4762572377179106 2.7576099632076616 2.234709989795075
15.5 2.5970593038103673 2.4196099057907796 2.6897824024904193 2.1758258116585996
16.3 2.696206409611146 2.365067331305598 2.6298259834566937 2.128270545707807
17.0 2.9253840368714723 2.3122094402746183 2.5760604149872846 2.0874129761339018
