0.1 18.103276345613665 18.92117569510824 18.9160296251261 18.858476221213465
0.9 6.305496856303009 14.346592297159122 14.142248557056467 12.157664641471236
1.7 5.245892805781409 9.739128723901727 9.593380742451389 7.586211420912603
2.6 4.607605190863844 7.310141869826701 7.4341832848147495 5.878617812424117
3.4 4.420279597342442 5.989862202116057 6.409522853186015 5.099737381988754
4.2 4.239281020400549 5.18073782221273 5.7305964355231405 4.5797909588149315
5.0 4.147705880011407 4.664217539330856 5.231146103937843 4.205203396992894
5.9 4.049680621061993 4.321332191893654 4.8450310609825955 3.9167442829979224
6.7 3.972184025728693 4.054887562316593 4.539615482149111 3.678601974716538
7.5 3.9757376545281624 3.834642837705655 4.287771139238784 3.4746888083060905
8.3 3.9030856513228844 3.6474991733333417 4.073498080166708 3.3051053308360427
9.1 3.5535704711905507 3.486583266927192 3.8901805034365604 3.1596816435951105
10.0 3.5197789927012657 3.3460238665663753 3.7314753004285635 3.0289812780639656
10.8 4.41789466607611 3.221893557828615 3.5869032072070413 2.918401396339654
11.6 4.471512591548099 3.109741849681961 3.46342827679237 2.8129894165856646
12.4 4.266457463870303 3.0104636696407248 3.3510352942299675 2.7264912802431205
13.2 3.9061611732238677 2.9188485385055296 3.246430861784425 2.6384545653161906
14.1 3.45153211738839 2.8370842513790784 3.1560304214402826 2.5676632434377855
14.9 3.3079766550348353 2.760064587013916 3.071590076986188 2.496143546434306
15.7 3.08121250794512 2.6904800512096907 2.9887617149909675 2.431245342896326
16.5 3.0711924128903716 2.6223901858636744 2.916340282754458 2.375133764463998
17.4 2.8586964127438117 2.557919618976715 2.8517931240384535 2.316750697558483
18.2 2.8418055537490416 2.498823290050336 2.7931952052750875 2.2539156421369113
19.0 2.853139174092354 2.4422604738618707 2.729522438272704 2.200314619083889
