0.1 20.00888438199405 20.912878076232595 20.907191140829 20.84353481008167
1.0 6.648950305128347 15.194784868156018 14.958088787398259 12.66492876561847
1.9 5.558234331071689 10.03544077340784 9.924293010026009 7.819254716442234
2.8 5.0742493313095025 7.52844006271979 7.782971754328469 6.169816544003985
3.7 4.767288806536936 6.191572122038732 6.735838400377584 5.3693298491807075
4.6 4.653511156089471 5.393130302809524 6.022808221083229 4.829583673688279
5.6 4.472671765573751 4.898791669791843 5.498950449787234 4.435109831906239
6.5 4.41827253076246 4.552649530405139 5.095625140657531 4.129835388199049
7.4 4.338543483457062 4.273315572910522 4.77679005853092 3.8749891341893736
8.3 4.2968133369659265 4.040695126357606 4.512441914698586 3.662033863308373
9.2 4.406859476310731 3.8438683364694906 4.2883972818986695 3.4843794306358347
10.1 4.140899396881636 3.6740253312333597 4.098900037825988 3.326346721295842
11.0 3.6242425912467597 3.526485907043684 3.924988629618013 3.1911708712607942
11.9 4.0411137283335465 3.3947820473516415 3.7828735801820614 3.0726505726443363
12.8 4.696175952229234 3.2769008547516583 3.645890812548494 2.964298175552971
13.7 4.76506258839884 3.1722459447717877 3.5278118115173203 2.867636621430809
14.6 4.849757111000127 3.075510656182493 3.425744313284007 2.7822073203364646
15.5 4.380646646845073 2.9884274696586153 3.320770997774275 2.6978516324802913
16.5 3.9963744980355975 2.905097684743855 3.23054784563734 2.629263915527039
17.4 3.734924592332788 2.826163280177551 3.1512854741021563 2.562486066354538
18.3 3.49865961347123 2.754659930984392 3.0793069678639986 2.497629146039541
19.2 3.429843836976799 2.6868050539751924 3.0020304199284076 2.4420301713494683
20.1 3.359788707972444 2.6256368312165144 2.93336211921754 2.390810421607059
21.0 3.0810331936752333 2.5662664040757748 2.8718551928013696 2.3309617074604536
