0.1 21.914492418374447 22.904580457356936 22.898352769241775 22.82858170983749
1.1 7.050511090849564 15.941186194525558 15.675393908033989 13.092162572269704
2.1 5.856414069294059 10.301449727654939 10.243431706688897 8.063829186022875
3.1 5.483853055790566 7.739575577149157 8.139769723497537 6.462929689691901
4.1 5.128958919943408 6.394382115127804 7.047554107180827 5.626435111014749
5.1 4.989194706505279 5.617414580889474 6.301578519672863 5.0671477556563005
6.1 4.892384805294089 5.137026160814151 5.757952758749908 4.656957514678541
7.1 4.773040983521319 4.773763536293732 5.3378002322745886 4.327467206049579
8.1 4.722678424839387 4.4824280727797605 5.005072201526321 4.059018514325899
9.1 4.641468097185556 4.238330902691409 4.729754501046379 3.83937567255693
10.1 4.65541877827017 4.0315579190278115 4.497243745347096 3.6498671813512282
11.1 4.964643391719685 3.854114282601894 4.289778448886717 3.487289661848516
12.0 4.155289123995417 3.698595147593185 4.122047373268807 3.3489883749803626
13.0 3.9379499168841923 3.559560767713266 3.9596145495014774 3.2184951711104515
14.0 4.5454332258685355 3.4379326243683295 3.8242644973918343 3.1104190517732535
15.0 4.761111911655985 3.325639113197788 3.6997087430560467 3.0049832439918243
16.0 5.343396016211484 3.2243469016176043 3.582815932297396 2.913151123456775
17.0 5.223844243694253 3.1270078803507744 3.4826479302159656 2.8362944258883105
18.0 4.907632257784528 3.037946628326636 3.3942792663985375 2.7501716901716824
19.0 4.628565333823 2.9554258483417737 3.302599174933753 2.67929034160267
20.0 4.1603293430061745 2.8808891070548626 3.2189008297187787 2.6227118446853175
21.0 3.987393435551404 2.8096863586713794 3.144810546820662 2.560338256764888
22.0 3.8118896765178385 2.7458857161854158 3.0779378292367405 2.5023392478606703
23.0 3.9105501278132166 2.684468629245193 3.016473861602851 2.4477859877966823
