0.1 23.82010045475484 24.89628283848131 24.889513601293473 24.81361633893286
1.2 7.494482529492898 16.59837977863361 16.307891383081753 13.457161147180482
2.3 6.188335097710534 10.548045759636501 10.56248076310093 8.323134219761574
3.3 5.875973263871406 7.945463196048346 8.483353564652454 6.74881820361226
4.4 5.561419813984868 6.602980139102149 7.347738038681175 5.882725119285249
5.5 5.328282404634096 5.85234644445501 6.570556347402168 5.297961708619691
6.6 5.241558020834649 5.365675691852339 6.006420767568484 4.86992488011332
7.7 5.167934940347668 4.986680969576256 5.576666846099344 4.516147732849654
8.8 5.0868477497150675 4.682450843233748 5.231280287351031 4.238084167309667
9.8 5.0275141159766505 4.4285512397470495 4.937019864595642 4.008677893607173
10.9 4.929229408264369 4.213061907401254 4.688916308776582 3.8131689455001325
12.0 5.196827736783247 4.0263307031215065 4.487445540278079 3.645274631697326
13.1 5.10871425441618 3.8623401431903064 4.2962735988784475 3.4919894175364843
14.2 4.203111804148688 3.7193400197823574 4.138727601874139 3.367373379750508
15.3 4.535683456604471 3.589719186192096 3.991247406767878 3.2421200802884185
16.3 4.668429731970786 3.4709753565706674 3.8589535367816357 3.1397185485997805
17.4 5.310096870016564 3.358971011692261 3.7460142064003366 3.0439751484513535
18.5 5.5600964373230575 3.258063346114739 3.6414749562477153 2.951173901414489
19.6 5.624904302000354 3.1649792425929824 3.5363211257816936 2.875398799055107
20.7 5.585430285065478 3.0796440903247086 3.4446937286259325 2.803997128998384
21.8 5.118397016963017 3.001245491395142 3.363381622352063 2.7260787363995975
22.8 4.817945561845566 2.9280912927723595 3.289519672952968 2.6623099269737858
23.9 4.437812830204469 2.860252869101905 3.2196822467576856 2.61344809326927
25.0 4.1443917523779525 2.798161268098354 3.1458459802642684 2.5699824573358745
