0.1 25.725708491135222 26.887985219605667 26.880674511616554 26.798638135180948
1.3 7.960183261888788 17.178486209254494 16.8686983603971 13.775097863219353
2.4 6.617251614862781 10.781943728670386 10.88856981306303 8.596734720588941
3.6 6.168507883936133 8.1480889038317 8.81368855072114 7.022619843124657
4.8 5.943022362410803 6.820425459745922 7.63276700557364 6.125585243678836
5.9 5.756886311308332 6.092689150165677 6.831316013346812 5.524206149722729
7.1 5.602742652189246 5.58576521340127 6.24534790680225 5.063858356492878
8.3 5.521412834465591 5.1925561454945335 5.7988301767140165 4.705743735836116
9.5 5.460720917144966 4.874230106120053 5.435270953014993 4.418418513585209
10.6 5.457901796191363 4.609831672861573 5.134779002001142 4.179417341239861
11.8 5.282861009891859 4.385101813667348 4.885357743390836 3.967866606894876
13.0 5.228899883288117 4.190689424630598 4.661958499855983 3.789682857034994
14.1 6.115391869407131 4.022362892909354 4.475462749545861 3.64094068328058
15.3 4.827751526407107 3.871145115259978 4.303680734442896 3.496040349651394
16.5 4.7694798936676035 3.733233238609062 4.151517195660246 3.378918701820333
17.6 4.68323595730712 3.6044525304807777 4.022651585305247 3.2651157047156576
18.8 5.141239951716316 3.4887503833860856 3.8987601575804387 3.1620740589440994
20.0 5.564185401469692 3.3845476644302552 3.781541852358001 3.0799694328981317
21.2 5.818164276027148 3.2870465895307976 3.6799692935632433 2.9908084921883655
22.3 6.170194972662167 3.200085748237374 3.5896187936643806 2.908440037929429
23.5 6.027563997861624 3.117146768364899 3.5075020403987973 2.8388993049559375
24.7 5.542004404031813 3.0432112144817527 3.4215304467262793 2.7815199936113624
25.8 5.464703186752364 2.9711905449980693 3.3418632086924345 2.710612971581975
27.0 4.773460732628782 2.906070996062607 3.2699212734426375 2.6519290782797964
