0.1 27.63131652751558 28.879687600729994 28.871835498653194 28.783646552797485
1.4 8.426029512711901 17.69286536997097 17.36996902507088 14.058707476751433
2.6 7.032660555887997 11.007253368500448 11.225714244210096 8.881724209768873
3.9 6.494983841074815 8.350100133927901 9.132080454772522 7.2848326876672465
5.1 6.290723990022866 7.047433658432951 7.90745677049623 6.360430928399301
6.4 6.1222865878403185 6.324978926617966 7.079035310678739 5.734932886151929
7.6 5.998518702817861 5.798887824956563 6.48609513943998 5.252189623740481
8.9 5.893837986906466 5.392655221176303 6.0202085990867396 4.8813351891847985
10.2 5.809101152252843 5.059971774135545 5.64608327959708 4.581473179545221
11.4 5.768688913339159 4.785210235003758 5.328003478582223 4.32818370153294
12.7 5.792000225695389 4.552294413058358 5.065732245748813 4.119738856276819
13.9 5.412797915571698 4.352618453068231 4.84057568795349 3.935991590123231
15.2 6.096126194401225 4.174279890528219 4.642060722482375 3.77059458536428
16.4 5.9386177201191686 4.014561415209861 4.464054995408227 3.6329000527848416
17.7 5.337102467391476 3.8661670565361437 4.315371632113517 3.5019635887212157
18.9 4.916147092628368 3.7334839030733797 4.172057115640097 3.385067734549582
20.2 5.1116366224654834 3.6148131796780945 4.039833655595535 3.293596518624993
21.5 5.51555245798219 3.5049214173226133 3.9259566533572317 3.1869948093281564
22.7 5.822868206120012 3.405831633655081 3.82479207278032 3.097101180649984
24.0 6.295027834351658 3.314152849736003 3.7301248435764958 3.0247644018559585
25.2 6.641319015846719 3.230421017986889 3.6321185219948764 2.9562743404895064
26.5 6.5627039702807455 3.151387778223187 3.545167981468361 2.8747975306485047
27.7 6.0466112707116455 3.0805975681853233 3.4664641467631947 2.803496942736417
29.0 6.181848841338829 3.0107317954865165 3.3945509670032075 2.746575958263765
