0.1 29.536924563895987 30.871389981854364 30.862996557166483 30.768641060263008
1.4 9.00713499634721 18.151677444851682 17.822692131945384 14.31831702001192
2.8 7.490558536611036 11.22621916382137 11.575528921907067 9.173820538733366
4.1 6.912944623616339 8.554323483110869 9.441172558808974 7.540446173469237
5.5 6.60706999020268 7.282728976499867 8.178050944955825 6.59236012810523
6.8 6.464557470543623 6.549757505784754 7.327927968061355 5.937371789790723
8.2 6.35054043468539 6.006746271444848 6.70729922625379 5.442394493141998
9.5 6.271095874803464 5.583023855614975 6.225203065236893 5.059714122017306
10.8 6.249992172159299 5.242178219204805 5.834884798959484 4.746311697898064
12.2 6.120992985883647 4.957716952003079 5.521517147018807 4.491473169385185
13.5 6.197926584389077 4.714465763786993 5.2429986449588935 4.261153031019957
14.9 5.95238454995124 4.504890060098249 5.0138989547794655 4.072177556812828
16.2 5.704992957438463 4.3197641656158545 4.801591250749879 3.9055787282692775
17.6 6.806813954911901 4.147809137948198 4.627881691497427 3.7577618405777278
18.9 6.214326437742359 3.995210804750109 4.464570144730854 3.6219824660693383
20.3 5.43381186065488 3.85935999225023 4.313501851281032 3.517546540527431
21.6 5.299146541512084 3.73498950328698 4.184555874717323 3.3956341033164334
22.9 5.501444180189553 3.6225455325279023 4.070606849972581 3.2955882979122686
24.3 5.731455747121775 3.520491238249834 3.960370286541496 3.2160105293573484
25.6 6.069606795775274 3.425524637458442 3.8522353371942653 3.1303897155565297
27.0 6.5701590933057625 3.3386453445796773 3.7564250755641733 3.0452116101511706
28.3 6.925909124826732 3.2588538463687278 3.669862999937509 2.9742325888091243
29.7 6.992688306486469 3.182473440640798 3.590954382118699 2.911583807295742
31.0 6.425984574328577 3.1135225767248307 3.5177486219691567 2.858140647661425
