0.1 31.442532600276373 32.86309236297872 32.854157682595805 32.75362113871152
1.5 9.447561368768085 18.56423628630234 18.236487951165287 14.562306042341099
3.0 7.909037497839661 11.44013339755538 11.937956910512419 9.468165098201954
4.4 7.341074155403872 8.763320445926771 9.742722007541607 7.796799183548981
5.8 7.041554947566968 7.524033098548484 8.436675424220685 6.818485688743502
7.3 6.8302723304958715 6.766181239369315 7.564023622196017 6.135576081334728
8.7 6.719225198699776 6.206846245764319 6.934504953623981 5.618272791486173
10.1 6.610915820439262 5.768700779781196 6.4361384756160795 5.222873948293933
11.5 6.550856580382124 5.414752406378587 6.03002773251908 4.897806146939337
13.0 6.500114326627524 5.1203296915240175 5.6961056460628825 4.630278072896514
14.4 6.45394345440215 4.871034191887302 5.423531233408435 4.41115653456396
15.8 6.699686400432915 4.655523071708065 5.171406764835649 4.203413371958398
17.3 5.708480618865852 4.454457241035826 4.965089059935059 4.03795477979963
18.7 6.936796976685298 4.277849148670924 4.78079299470675 3.8762104647387257
20.1 6.961289386689671 4.121785329005282 4.605756874411757 3.7536071272410676
21.6 6.187573235794067 3.9795589224330303 4.4582744135306545 3.6181493462121446
23.0 5.739493411916168 3.8521399019903426 4.329153580482202 3.5048726205952554
24.4 5.714642128315756 3.7375367875394967 4.20361541152624 3.416273367967424
25.8 5.777825036465313 3.630512146460873 4.083150130410928 3.316218725820095
27.3 5.9608562692426945 3.534347081191179 3.9768087505654752 3.221643319024096
28.7 6.3772722450825725 3.444151238435897 3.8811317907677405 3.144012412084563
30.1 6.866214238507413 3.3604833470994517 3.7940566459806484 3.082295081738571
31.6 7.360000926992575 3.2860142025193957 3.713049791483639 3.0206904099114555
33.0 7.3886915989072985 3.2115380508233895 3.6367262486410747 2.9401655787949426
