0.1 33.348140636656765 34.854794744103074 34.84531887096233 34.73858628067246
1.6 9.855505893824148 18.9385198299978 18.61987911028794 14.797316000187887
3.1 8.344993780555106 11.649913087952887 12.289388749105758 9.760225489687794
4.7 7.732614435046449 8.978808388987558 10.028553006363138 8.042006048396297
6.2 7.430889987858139 7.758653072183251 8.691281114164122 7.033037423156765
7.7 7.235379897256389 6.977615027616484 7.802826083429893 6.319042104598688
9.2 7.10645811886715 6.400668601388767 7.1406204029911855 5.802592906647738
10.7 7.061501845190557 5.95080368942192 6.6262501248162335 5.392483883614617
12.2 6.924472039909451 5.587274807842217 6.22132320342602 5.0628360634292005
13.8 6.953104357828683 5.282490061596856 5.874543441209022 4.775420900484622
15.3 6.754228114769735 5.022921868200657 5.584544317316075 4.536406454019018
16.8 7.113923772715652 4.793040047362748 5.333827837289618 4.345531119505338
18.3 6.219355995125134 4.586689927405694 5.127012926731334 4.1530003295395685
19.8 6.613686646584948 4.404428875112733 4.921070148936571 4.005244348472908
21.3 7.143753716710559 4.241756498557752 4.750349954628727 3.857741425152823
22.9 7.019436531843112 4.097194448039844 4.602985808613699 3.7267776554150025
24.4 6.4369770572240785 3.9671575961156336 4.462143237202627 3.6255521473800454
25.9 6.131078233016688 3.8469233405706658 4.326639550381373 3.513559584898893
27.4 6.057129097478803 3.7396283531104566 4.207824762741315 3.4088874160506797
28.9 6.022614025069709 3.6385109893688696 4.101510179272482 3.323360875455909
30.4 6.273033468521991 3.5463132401748325 4.005001142143945 3.254042710663257
32.0 6.8058008391146885 3.462701778615038 3.9152272408308177 3.1754551833637303
33.5 7.137953902699971 3.380813156607559 3.8307100072845244 3.0955281350759556
35.0 7.714108672970506 3.307433855384948 3.7431185123559545 3.0266847312361445
