0.1 35.25374867303714 36.84649712522742 36.836480118786454 36.723535989058796
1.7 10.215685990206001 19.281431381754725 18.980122151947484 15.028349519159853
3.3 8.696440430529842 11.856261049656242 12.631250012551648 10.046403393959688
4.9 8.110455679995724 9.20146894431424 10.314086695260242 8.286146727339355
6.5 7.784292298381808 7.9873368617546845 8.940382445216136 7.247934649376426
8.1 7.595824433554914 7.186391389094423 8.024248540370303 6.5094790752724485
9.7 7.453699264264616 6.5920932177156235 7.348308238994372 5.968391611228978
11.3 7.38096201504075 6.1255713139484875 6.819759250168449 5.540607306820043
12.9 7.29632017597856 5.749325753140496 6.396040020071408 5.199459440005578
14.5 7.26418993326519 5.436856981543421 6.055696404298852 4.920580784151153
16.1 7.182564769330229 5.1685615957668345 5.744239716607048 4.671540601491911
17.7 7.155060697982889 4.924838170708754 5.49796331981563 4.460530439749448
19.4 7.234312443960641 4.712642576229498 5.265719238060924 4.277978865298977
21.0 6.576936243848583 4.525848488439542 5.065025220780638 4.11905795243994
22.6 7.1216918478452715 4.361047084587926 4.895305853825534 3.96451385118212
24.2 7.699295946245734 4.211911805630508 4.739046935082469 3.8460579838309754
25.8 7.3358401178184645 4.0769037591602695 4.585022357018431 3.724582342544852
27.4 6.781578185271921 3.956066787824668 4.451329298490333 3.6061571180668377
29.0 6.508622505220423 3.843167468965169 4.3325353169699 3.5107857107171276
30.6 6.294161245055347 3.7408927452775065 4.225186089473124 3.435206203438266
32.2 6.427114239811536 3.6474374340331472 4.125588770819037 3.3442314649924074
33.8 6.786728459096823 3.5575175047118255 4.029971768864659 3.2527318688863
35.4 7.294422454742297 3.47711814806532 3.934346508217755 3.1772909201877795
37.0 7.223724787031492 3.402224221503372 3.8474377367985455 3.118258946272192
