0.1 37.15935670941751 38.83819950635179 38.82764142301711 38.70846977633239
1.8 10.543096459176475 19.598702901475598 19.32340890506992 15.259639617693812
3.5 8.985290126711659 12.0601676958668 12.96677099120398 10.32458428337407
5.2 8.405829560624746 9.431131713075835 10.584272318939236 8.516369104423699
6.9 8.121985543813812 8.21227317886458 9.185907023072826 7.443553413331066
8.6 7.956698525933968 7.386149106160416 8.250821479433512 6.68729959067747
10.2 7.814026404516862 6.77413151859454 7.557344896599122 6.134524557222343
11.9 7.708258293819208 6.298243669701966 7.018589285083226 5.700937014220392
13.6 7.7130399514953005 5.911591192513967 6.574209106496225 5.343418129594984
15.3 7.599175799366739 5.588704519945562 6.212903045757955 5.047016751882803
17.0 7.636196829261091 5.304533168904892 5.907522270980771 4.811716601292896
18.7 7.32712366402969 5.054475707803056 5.64867598676858 4.5799686594514295
20.4 8.375849881199557 4.837570505326676 5.408224628629015 4.409119922854347
22.1 6.863411060344647 4.647256543170101 5.210210844971625 4.222774746068916
23.8 7.002280596141209 4.475218950673795 5.03852690099954 4.080867004174885
25.5 7.829486284180161 4.323217888546805 4.861350602000408 3.952372285749948
27.2 8.245676460336647 4.185779719025698 4.709689243775034 3.81614939508563
28.9 7.674425435885481 4.059995687494285 4.576086488038061 3.707659570586385
30.5 7.162488689860712 3.9455762684144946 4.456235498596495 3.622395031179295
32.2 6.701979591807393 3.841593737793182 4.345576554577565 3.521847150157681
33.9 6.62943642902931 3.742371220732492 4.238914476671494 3.423112529789546
35.6 6.931148737440435 3.654221986482825 4.133870875289995 3.3394636194788054
37.3 7.116847344793351 3.5706375776694643 4.038682284421822 3.269000816887025
39.0 7.714724308146347 3.4901967706485086 3.951614545665225 3.2157277121617467
