0.1 2.8583014949695866 2.9875627193758354 2.986740367992349 2.9776899898689297
0.2 2.5141222965036607 2.937742812371261 2.933722389534157 2.8899672558524707
0.4 1.7683761278731485 2.854269639012159 2.845262330865703 2.7486041486039707
0.5 1.4963647536340496 2.7442156425632396 2.729343438343864 2.5722873039325544
0.6 1.2985476264525635 2.615796726659891 2.595101714052518 2.3798351355582157
0.7 1.1620353956856782 2.4770880677085745 2.451343992017755 2.18661199636009
0.9 1.0279667283131897 2.3351111063758094 2.3055471743838876 2.003180528027442
1.0 1.0171333649519676 2.1953775273064062 2.163411736559235 1.8356281379771922
1.1 1.041096034569286 2.0618124833703497 2.028845893971832 1.6866599835729708
1.2 1.0966273546156275 1.936922652093569 1.9042190874399056 1.556751211708343
1.4 1.291122643386019 1.8220787308798843 1.79070286280127 1.4450956692667025
1.5 1.4390450087148363 1.7178071959113161 1.6886179227732727 1.3502534773920698
1.6 1.62829425473866 1.6240597321783488 1.5977216650571595 1.270566699978772
1.7 1.8613297453301414 1.540417544051146 1.517430276143267 1.20439313465071
1.9 2.4265163391276445 1.4662485866525246 1.4469769048538608 1.1502236810910969
2.0 2.7019315278030986 1.400814536759748 1.3855155178340692 1.1067369780551943
2.1 2.7448277799195533 1.3433416137079675 1.3321893795561184 1.0728095528353814
2.2 2.364771275004066 1.293066478140388 1.286167958805665 1.0475084840392992
2.4 1.6571562436579186 1.2492607190423266 1.2466687626328974 1.030072480058526
2.5 1.4142075136897068 1.2112439388508967 1.2129653544945977 1.0198892816180638
2.6 1.2409413813139447 1.178389479197756 1.1843884334697516 1.0164703545773819
2.7 1.124100957335625 1.1501240793465886 1.1603237934785622 1.019425029066658
2.9 1.019839143204221 1.1259253779602227 1.1389432529072536 1.0284335287017305
3.0 1.021981717147444 1.1053185187707268 1.119878411830292 1.04321722915574
