0.1 39.06496474579792 40.82990188747614 40.81880278097121 40.693387163802335
1.9 10.851790836854219 19.89529038409441 19.65494068348151 15.494044383989191
3.7 9.307563892888815 12.262752251364821 13.295362899236634 10.594260210627306
5.4 8.75756439458118 9.66675601227047 10.85729153909475 8.749877297464579
7.2 8.493418893236301 8.428131371332423 9.422291964062428 7.641885279029855
9.0 8.330054276345834 7.583996523601207 8.464641072066232 6.867748900055766
10.8 8.265063028926333 6.956578402826104 7.744949603464448 6.301741164812078
12.5 8.113709947693845 6.465373027320777 7.195581896594729 5.853143846113912
14.3 8.085054875399425 6.068006009881712 6.754883066383882 5.4971946898741155
16.1 7.951765325011354 5.73443622367017 6.372703757930162 5.182225591440974
17.9 7.999560670275846 5.436602874220437 6.071745589507564 4.923270864139969
19.7 7.768140427844752 5.180942638253045 5.788729293975449 4.708256968665812
21.4 8.284642286313545 4.957843963110601 5.553162680223582 4.508295202101181
23.2 7.569858108983426 4.761701318983046 5.354484149663472 4.3348283898718165
25.0 7.125253867435931 4.589471333076712 5.159680670883977 4.201175425930353
26.8 7.676815215795876 4.431572971061539 4.985838635064021 4.041769708928234
28.6 8.39524743299398 4.291300593147193 4.834478944668386 3.9161826418523686
30.3 8.511593996810943 4.162187177628144 4.700029951580693 3.818268648211205
32.1 7.883251146830676 4.0468994739409165 4.576828601591865 3.7110006137007856
33.9 7.2260570446988615 3.936560379000822 4.4590090363620885 3.6002692164027796
35.7 6.919979880476316 3.8391295346402585 4.34291636550463 3.5089332932043455
37.4 7.015069192512372 3.7467505637456147 4.238209732646693 3.434506026669879
39.2 7.213771012834388 3.6589752242011473 4.1428047342808405 3.3714312748700666
41.0 7.342685960696293 3.579876552873344 4.054417593725205 3.296844084231809
