0.1 40.970572782178316 42.82160426860049 42.809964190282734 42.67828768102408
2.0 11.14514837345177 20.175224154208962 19.97901572081237 15.733646468447892
3.8 9.68576932881748 12.465171925791473 13.611695950736292 10.856534978461477
5.7 9.162982248520548 9.907106707100159 11.113878082435788 8.973139461525008
7.6 8.894357188764733 8.641678694245142 9.665469632309208 7.828624321895835
9.4 8.713270675287193 7.774641104327119 8.669923709597608 7.048616817282879
11.3 8.577874485702582 7.1308539264142725 7.938617001146211 6.450013692406055
13.2 8.467811164452629 6.6276230048658045 7.371906068594625 5.991490471349264
15.0 8.384727749277195 6.220176866965466 6.920055637201126 5.620490531342504
16.9 8.351816633401677 5.87126069345943 6.5358103542767605 5.3266717335306275
18.8 8.35723353366961 5.565564886570696 6.219709143410969 5.043618458829068
20.6 8.484727472636367 5.303996880784494 5.932105820266997 4.831145164513461
22.5 7.944833960724927 5.077454355192967 5.698179210874071 4.615162644112334
24.3 8.516492772119033 4.876971121026587 5.485698842489954 4.4564466717399105
26.2 7.627923892225495 4.697178582772461 5.283629124915058 4.287496080876804
28.1 7.661072681393687 4.540059838747563 5.110652433403874 4.139345300629502
29.9 8.298944372177871 4.3930673555908255 4.958800316180885 4.024584461069986
31.8 8.873151688585956 4.265290985598715 4.821225879138488 3.913861388588111
33.7 8.619640746661727 4.1417101804203265 4.692114836711855 3.7888065626974896
35.5 7.979580767924774 4.033264901444032 4.5629591903201625 3.686065069893132
37.4 7.4537799828298175 3.9316420993839203 4.447260161864377 3.6026118451419396
39.3 7.335052316953727 3.8350577121049803 4.342323867323038 3.536557487963789
41.1 7.383400556935732 3.748852210922712 4.245419543925561 3.456018715098826
43.0 7.151496478435559 3.669971145591024 4.154796858941119 3.3620881552184994
