0.1 42.87618081855868 44.81330664972483 44.801125648859326 44.66317086527911
2.1 11.458201439923176 20.441807150737596 20.29903669820563 15.979548498597875
4.0 10.045775673774898 12.668740104596335 13.928305536602489 11.113583631875764
6.0 9.584873172961858 10.14731354509362 11.377725993231019 9.20026906016751
7.9 9.277462291720461 8.850691780095316 9.88828470465072 8.013402330922156
9.9 9.030863778045033 7.96453781963528 8.87943217433077 7.2093746255009865
11.8 8.896464705678275 7.303546804494279 8.136975464096016 6.608805034078909
13.8 8.92846971969079 6.7898239302108445 7.550817425071069 6.138093714639301
15.7 8.76584592306288 6.371218230815998 7.077839811020032 5.752006801411698
17.7 8.743495438426619 6.003094123690782 6.700059956052749 5.437643570541087
19.6 8.671529249638155 5.69207949505202 6.35982516729172 5.1719568499412825
21.6 8.92055916721857 5.4245892923816825 6.077258986179474 4.931767096517039
23.5 7.82011959443214 5.1914373386586 5.8420370647381965 4.73013297788203
25.5 9.271479009831618 4.9874928725853325 5.608307589216185 4.5595396486522395
27.4 8.557022443602834 4.806688190786037 5.4084367348887055 4.381377248814064
29.4 7.9255614258438225 4.641289529484692 5.235318949171919 4.244484322456805
31.3 8.169636173771428 4.496738402595687 5.080974499225613 4.133444002326203
33.3 8.950200490418675 4.359812307922065 4.939042805551683 3.9900418481761366
35.2 9.28836579627908 4.2381515999027055 4.795875986724482 3.8734252608975934
37.2 8.88766504502778 4.126808623292488 4.667345145521577 3.7795017114930665
39.1 8.314867040806941 4.019941159451545 4.551427815052522 3.704279706817765
41.1 8.036795346144451 3.924902666362324 4.444949190994972 3.616696512369724
43.0 7.73242271852111 3.8382742803451744 4.3456986050951025 3.5199662957356597
45.0 7.879904414941454 3.75079129172733 4.251781600244162 3.435066996247389
