0.1 44.78178885493908 46.80500903084919 46.792287154845454 46.648036261116374
2.1 11.967454837253083 20.697711662839936 20.617936501326763 16.232643412716428
4.2 10.486628915588547 12.874725131641497 14.228977260985559 11.368634486332777
6.2 9.978623697981169 10.380536036286774 11.625101609276218 9.409501000307527
8.3 9.611448285474985 9.055247953028493 10.11222745506244 8.20736272551609
10.3 9.424298545354016 8.145520531008207 9.08528686040134 7.3771384159309425
12.3 9.302456594382582 7.4742869781489265 8.320937457163579 6.7717286382584065
14.4 9.248657983512736 6.944752467737242 7.731818246813659 6.289968947281554
16.4 9.098488399521745 6.510860086427677 7.239470292822264 5.89116222339783
18.5 9.203150328275397 6.134350524752066 6.856325040705945 5.555583025224632
20.5 9.071824901814656 5.8158310486101925 6.5029893656327795 5.29917185296294
22.5 8.970557521567667 5.543675484085304 6.222230529370078 5.039313298636918
24.6 8.324390003538843 5.307256960881951 5.967604725785802 4.853964485706933
26.6 9.258426729784546 5.095763190951946 5.732802060843785 4.648470312669302
28.6 9.68730760584453 4.910832269175378 5.533248121732685 4.482474979012282
30.7 8.514704945432825 4.7441284379295965 5.358682721794658 4.357940486709673
32.7 8.208992657012917 4.593446052519339 5.1999843378562 4.207267555997742
34.8 8.87785483081778 4.45581148072429 5.043940048487818 4.072883920604714
36.8 9.608896517126013 4.33395370204127 4.900278296783248 3.9651766789161025
38.8 9.903174504307932 4.214910461556456 4.7715831185701525 3.8800320339653633
40.9 9.413083686145795 4.109688490252934 4.654258516254009 3.7904491534656364
42.9 8.79393249596979 4.015164610798119 4.545334685796733 3.6804340162897424
45.0 8.373492252470577 3.9190171095301003 4.442680152180991 3.588464788181013
47.0 7.826489543078481 3.8327293187213565 4.346161071039651 3.5132288906383122
