0.1 46.68739689131948 48.79671141197355 48.78344870659133 48.632883419948094
2.2 12.274032471747573 20.944992299643392 20.93798904226632 16.493098075751636
4.4 10.90038283681182 13.084096126423583 14.530936865121024 11.62512249062462
6.5 10.308927638397574 10.609069338182886 11.874549248239905 9.624632914570045
8.6 9.996877635216292 9.255655739407093 10.33976285723522 8.37903999262017
10.7 9.886088458964888 8.32807166908703 9.273060361649216 7.546160253075348
12.9 9.662759472056086 7.636299979133295 8.495856902887667 6.907121623665834
15.0 9.554787174729679 7.096970006731591 7.896369329592285 6.413360308394956
17.1 9.525346734140353 6.645458992482289 7.403236392770866 6.02633954966738
19.2 9.51664437052729 6.260380906683131 6.995165716154736 5.680729560566056
21.4 9.403228325580738 5.936152135724549 6.648049536554891 5.398500701115207
23.5 9.113504030667901 5.657670994306898 6.3661079839435795 5.154312589164536
25.6 9.559108161091048 5.416130807275023 6.09066943529696 4.949748716736193
27.7 9.117564530210096 5.20591854453333 5.857657244632076 4.744578792567502
29.9 10.100489402134958 5.0126323531638475 5.657622506267981 4.590948425361961
32.0 9.36452940660218 4.845884947541302 5.479301501467265 4.444743188006407
34.1 8.518838890901074 4.688817541008353 5.310174487920349 4.287533637381359
36.2 8.807827654210493 4.553350419511776 5.148309230934548 4.162234041115595
38.4 9.44879602668644 4.421779472088149 5.004584830554035 4.063809843915301
40.5 10.131867892672394 4.30438522762259 4.8748132228656385 3.9753444981776616
42.6 10.288210035882111 4.200582120311542 4.7549694795166015 3.853417598634034
44.7 9.716198292911658 4.095882039649605 4.642731138992036 3.750542895304775
46.9 8.912115012343516 4.000955932019394 4.537211045199917 3.6634802600531557
49.0 8.279494102796916 3.9157041218876376 4.436876236928874 3.595189473103651
