0.1 48.593004927699866 50.7884137930979 50.774610302626506 50.6177118996864
2.3 12.624203599329482 21.185239849348275 21.26098301781148 16.761088848552284
4.5 11.326569985354732 13.297698181252608 14.82188213550327 11.878113737583686
6.7 10.660064288716567 10.83428831146292 12.128483460681796 9.825143008382032
9.0 10.361774831533042 9.454112102587018 10.552899270015203 8.559681151356525
11.2 10.200697524266905 8.503831232377351 9.465918380727441 7.692843152677874
13.4 10.056977459258727 7.798737571894606 8.673469622819601 7.048819013598559
15.6 9.940790098930734 7.248249535075146 8.053672555839086 6.544022305769853
17.8 9.908975307577721 6.777579011674921 7.567557235899786 6.138062648032164
20.0 9.837442318311474 6.387843528933445 7.136942398892541 5.813520291554471
22.2 9.733717511501013 6.057763602291026 6.793253970022057 5.504243417231553
24.4 9.550880545764858 5.77334850333802 6.492920733637417 5.2775082162273375
26.7 10.760059052258466 5.524538567929912 6.2152617575417635 5.039256661336307
28.9 9.273288865133326 5.3076657417478215 5.98246465800588 4.8471938590651025
31.1 10.096527410628003 5.1161104761170035 5.780194586376779 4.7070875915589045
33.3 10.265838922610401 4.940500852147919 5.596921897771759 4.52140904868556
35.5 9.13113838404921 4.7856564630963305 5.414273000817486 4.373709554440611
37.7 8.958706436724995 4.642752482119728 5.252674830331575 4.258284764195535
39.9 9.336417620822965 4.510820359421295 5.108319637954079 4.1695912596134175
42.1 10.069592679653702 4.395052608224325 4.97606128388109 4.036935698967035
44.4 10.480029560026212 4.2821947031201155 4.853293946249191 3.9216994294451335
46.6 10.276154164359356 4.177643189448676 4.73757826947023 3.826374846615297
48.8 9.782021016726457 4.083972938896775 4.6282146508313735 3.7457922405942665
51.0 9.46783309100429 3.999214330778127 4.524436391322043 3.681897061855309
