0.1 50.498612964080216 52.780116174222265 52.765771941637 52.60252126441777
2.4 12.989419836582497 21.419922473800643 21.588282496852234 17.035896283181497
4.7 11.70938757307033 13.51601677019015 15.107623051250611 12.118181553471928
7.0 11.028061962511117 11.053775075150117 12.361104146575638 10.019479880533794
9.3 10.75287149959737 9.644523095270523 10.757452192369378 8.7482283060419
11.6 10.500736009594528 8.676344571766476 9.663074126506968 7.848322129034365
13.9 10.51260841612743 7.960712478915966 8.853125821159036 7.198273816096281
16.2 10.269756074662032 7.390654310494318 8.214577225962744 6.681280306088766
18.5 10.380709404851771 6.908215492518431 7.721024986267511 6.256949064958283
20.8 10.16334804786992 6.508007273893762 7.281147943585475 5.925018496646602
23.1 10.096333115397455 6.171420224241361 6.937578789914811 5.616411866982838
25.4 10.297748844911585 5.883567508082182 6.615640239937551 5.379726928492558
27.7 10.527226100233207 5.634722290718292 6.340133400435762 5.135431566614771
30.0 9.785859501201266 5.4097134765972354 6.106700498074187 4.9568407365559946
32.3 9.881244025507948 5.21523493840436 5.900004712616073 4.78041518091718
34.6 10.91449022110796 5.036449373827296 5.70187450492092 4.603958610446799
36.9 10.00189238222422 4.880590800676361 5.518691384148817 4.466362524149638
39.2 9.396437561830329 4.731214606857937 5.356832169996948 4.3608657956419385
41.5 9.45967583012734 4.601108017574456 5.2103199352938665 4.2346473148966615
43.8 9.915757186954089 4.479717679330943 5.075199168073636 4.1039236137989965
46.1 10.444696694025705 4.363699427143446 4.948320413690816 3.9956045644739455
48.4 10.901574826917983 4.260435701605172 4.8291818414838446 3.9072195791396225
50.7 10.700314863830648 4.167595068320471 4.716138274246814 3.8349631356672953
53.0 9.690920572925261 4.0739316068892135 4.609593970567164 3.7753793439580057
