0.1 52.404221000460616 54.77181855534663 54.756933622446624 54.587311084107355
2.5 13.410286015931513 21.64992322478616 21.920650105796437 17.316751637894406
4.9 12.05608276756124 13.739074305082775 15.397307674233971 12.3655980869619
7.3 11.383787220811325 11.270746926293398 12.59962041285096 10.220386548094364
9.6 11.103765420883398 9.836107791298351 10.96538994200865 8.908246603554655
12.0 10.872343140659929 8.849173376289984 9.862885625372664 8.012237053080963
14.4 10.822897626323774 8.113772914460295 9.034473322165345 7.347032707006464
16.8 10.6689809809064 7.528078099643377 8.377821575561944 6.825851924664509
19.2 10.681672655203917 7.034279365621091 7.859940285010882 6.38216081668609
21.6 10.521659826308424 6.628827620601899 7.42642476315479 6.026460411717897
24.0 10.516734505753888 6.2862645314227255 7.075155177895745 5.736009729646952
26.4 10.922827917447778 5.991633284488684 6.740031076129548 5.467645448595458
28.7 9.97627203420927 5.736897294488624 6.464970181948723 5.237581430790988
31.1 10.519466385115985 5.513328733111638 6.229108281725149 5.072467764869134
33.5 9.84229642938185 5.310099881836809 6.0164450653035795 4.858359739655977
35.9 11.140709671870269 5.133754567772289 5.806221410690448 4.692115732799673
38.3 10.98244973135123 4.9684411714485766 5.623041274935694 4.565025033217165
40.7 10.160841873046326 4.820930430750881 5.4598050487796606 4.44947341663474
43.1 9.791217318540587 4.690325209325784 5.310406769282669 4.299396170936713
45.5 9.767778053972135 4.560849560130467 5.170957364793649 4.175929720083492
47.8 10.368936312886355 4.446258092504509 5.041003974650853 4.075040886940017
50.2 11.20606617585674 4.343943986491374 4.917731957214843 3.9935528612239146
52.6 11.060886066994835 4.2439139003500985 4.801697197273399 3.9297911324446213
55.0 10.715787000416336 4.148115388002886 4.692796002253946 3.8406328852624094
