0.1 54.30982903684097 56.76352093647097 56.74809534399937 56.572080934329996
2.6 13.822815575366066 21.87599097525148 22.258753742057507 17.60274376240329
5.0 12.443158304317196 13.966868040266906 15.665731114929025 12.594375929563936
7.5 11.792753383890988 11.484550347761584 12.84306240807947 10.40528838518199
10.0 11.425233164639423 10.021194415513433 11.176730945979138 9.071705629870191
12.5 11.280034362816073 9.016186204865564 10.035512816368387 8.164535400851117
14.9 11.12140286679839 8.266048534390956 9.19817577661103 7.470578811275457
17.4 11.081989400052427 7.6597852078957445 8.542118118077482 6.9410923579018124
19.9 10.994450173569051 7.1615545972320005 8.001420114032646 6.514063742387489
22.4 10.877796104311518 6.749109953795908 7.571532538871934 6.133453774128451
24.8 10.994582980632385 6.401623591483246 7.196504858712546 5.8626838788310005
27.3 10.927467331399122 6.1012260872989135 6.864935042924734 5.561699268742056
29.8 9.967884369883826 5.838740264889328 6.589391154938485 5.346136911136432
32.3 11.14851172588979 5.612405222107893 6.3489210794126345 5.144864329965523
34.7 10.185886466019298 5.406248878467533 6.119929245798444 4.941647231107636
37.2 10.978422347176393 5.226086336052422 5.910628008831574 4.78638105567409
39.7 11.62908913271971 5.057362248444297 5.726938108549397 4.670084552499556
42.2 11.208773265976118 4.911676282219086 5.560946402889771 4.511343023244214
44.6 10.349888339657092 4.771058233448278 5.407862573043866 4.368936441871773
47.1 9.8302242807713 4.643028680931392 5.265084102386692 4.253200546872603
49.6 10.402742927370557 4.529633181570142 5.130524153936527 4.160124699583111
52.1 11.114377116454904 4.423094672237814 5.003908012852406 4.085786572854602
54.5 11.782490561837852 4.317799051281596 4.885235066547592 4.003201377206262
57.0 12.022125650305831 4.223129602222123 4.774952578401009 3.893263961559314
