0.1 56.2154370732214 58.75522331759532 58.739257105346454 58.55683039602389
2.7 14.270787700715728 22.09870204919748 22.60319447625962 17.892772176697232
5.2 12.716511386586198 14.199040385394692 15.938461091539251 12.829005024334464
7.8 12.183467223500474 11.692942605638045 13.070410407129723 10.587472831257331
10.3 11.830502429273546 10.20271645279041 11.377363925533079 9.241227710041965
12.9 11.634751201337346 9.178334395023056 10.211066949282486 8.300985905884922
15.5 11.50391520730513 8.417546960186865 9.354955867261896 7.600345872057306
18.0 11.476278453322347 7.792497500043149 8.706380903246716 7.055721779898435
20.6 11.34056807443737 7.283273741911225 8.14522377429119 6.6343809694216125
23.1 11.274610929693914 6.862864869270191 7.715795176093088 6.246367723103963
25.7 11.419374437245361 6.509081042070995 7.3200158152722015 5.94721114177519
28.3 11.022875668741683 6.2074444115806395 6.98980258118013 5.661451723946295
30.8 10.654647522127854 5.942014549632996 6.712329316108167 5.461327129676219
33.4 11.435614070100815 5.707207617567248 6.466157830417781 5.222436627512604
36.0 10.917557150457027 5.503665723534898 6.224323695952378 5.030249927082238
38.5 10.986869972923724 5.31412542879742 6.014974838169283 4.886201908886821
41.1 11.5280181759307 5.147425750891549 5.829379027070602 4.74417273094991
43.6 11.852789198523636 4.996766084973773 5.660232144627788 4.578090303829139
46.2 11.034928670592684 4.852692189088179 5.502963257590905 4.443581135893449
48.8 10.191674407089998 4.726081461727033 5.355948702005427 4.3356378329314
51.3 10.410505527022417 4.612939062919296 5.217530597208423 4.250331903096793
53.9 11.048027732832036 4.496800099958183 5.088013766937125 4.177056826498183
56.4 12.0637984222004 4.392572643815395 4.967626024212633 4.052185643592683
59.0 11.948141040147831 4.29868526354151 4.856556428463185 3.94853445568259
