0.1 4.764020151592005 4.9792704527698906 4.977901744942809 4.962796197165127
0.3 3.5365234553112788 4.805799690330747 4.793534834225246 4.662291252099787
0.5 2.5082138400374476 4.496372683762782 4.467396552429377 4.169362755172802
0.7 1.9385707644389092 4.115105342815956 4.070456450918256 3.628365666683216
1.0 1.5756169290327897 3.7197629820500304 3.664929015098677 3.133439720826219
1.2 1.4755553590311348 3.348292406711187 3.2901341800160773 2.7212614920388245
1.4 1.4004749025009258 3.0190266738657145 2.9639205278987486 2.394107678749538
1.6 1.3218520079319838 2.7367538423124262 2.6899884693934584 2.1402695656142487
1.8 1.239058219199628 2.4988584489411374 2.4647004096822998 1.9448877326753449
2.0 1.173241254872183 2.2995542332712056 2.2814898052865358 1.7941888145503533
2.2 1.1404558541187633 2.132283452009044 2.133216595351022 1.676651809911725
2.4 1.1513544364765889 1.9909019072489802 2.0132327570755217 1.5830431226745332
2.7 1.2734104843790792 1.870165649550299 1.9157720653837425 1.5061689270812237
2.9 1.440367229724496 1.765871842683468 1.836026041605219 1.4406560009864144
3.1 1.687113341684947 1.6748146320872825 1.767879206487419 1.3827899595956004
3.3 2.0004620112836458 1.5946541774498164 1.706574951779959 1.3303580126306445
3.5 2.345945831925205 1.5237479152569364 1.6510620498116024 1.2824305801364873
3.7 2.6394957755071418 1.4609642724697045 1.6007060603662795 1.2390505215478231
3.9 2.410386358995435 1.4055101831711794 1.5540022885175246 1.2008742460647028
4.1 2.1133738737528094 1.3567827236380305 1.5108452367134182 1.1688285017098585
4.4 1.6771519147790246 1.3142592782791271 1.471636806134462 1.1407132185319107
4.6 1.4126832317285372 1.2774255247191912 1.4339791511674271 1.1169979233340888
4.8 1.2248066613749569 1.2457373643661138 1.4003037408485586 1.0976021628110055
5.0 1.1347434282838582 1.2186117788340096 1.3673529855055784 1.081655544957053
