0.1 58.12104510960172 60.74692569871967 60.73041890563314 60.54155905526496
2.7 14.754543215994213 22.318385854996 22.95407498630228 18.18565187997633
5.4 13.02954702608417 14.434929904883171 16.215679525099887 13.065149816965038
8.0 12.550651767509558 11.903418642129173 13.292286295804978 10.778376026942025
10.7 12.307171346874746 10.38537505776031 11.565303244948321 9.412866686074144
13.3 12.017842435217622 9.340868616727645 10.38877121520736 8.442796001831416
16.0 11.844681222024972 8.563908452270194 9.515001193379868 7.735795478306945
18.6 11.941584913142135 7.921193303542704 8.85252292571595 7.176295304384845
21.3 11.662072041854035 7.403657548098097 8.290387778937674 6.733873625544369
23.9 11.67279218088366 6.9777403068748525 7.853898998312949 6.366034520921558
26.6 11.776986635723231 6.617544485425495 7.444683952028952 6.036796966023396
29.2 11.393697483499452 6.308739852064941 7.114552828594422 5.766710315404712
31.9 11.77641454296104 6.044379817910878 6.832973135138606 5.545424926463012
34.5 11.45476454751416 5.803202718670141 6.5702656866213385 5.305043343356623
37.2 11.845663941808116 5.595940885855421 6.3287381398089275 5.124549512185027
39.8 11.281243549060571 5.4032038500066655 6.11875653335817 4.992079455503289
42.5 11.335145960169855 5.238385133440941 5.930119557554606 4.8072289755412205
45.1 12.206465611461827 5.077776504320539 5.756430815311939 4.649257181751456
47.8 11.752876648364095 4.935268627088841 5.59557207010571 4.522952655873022
50.4 10.84957140787974 4.809674106316076 5.444102466317398 4.423232592564972
53.1 10.504451086061058 4.68634460072331 5.3025030610408415 4.3458867085575195
55.7 11.087602271595559 4.571272531266443 5.170737757908181 4.225502216583301
58.4 11.892849352322386 4.46800515362956 5.0493175425093835 4.106117363513702
61.0 12.854174815262759 4.374330527766768 4.93836739567536 4.006304287627154
