0.1 60.026653145982195 62.73862807984399 62.721580744088726 62.526266503060135
2.8 15.222747993757924 22.535363252921737 23.311348746981043 18.480163977525578
5.6 13.417845131317332 14.674217090620958 16.4706164624585 13.285496947880112
8.3 12.883430680530315 12.103980352571126 13.517413972899028 10.968079517123165
11.0 12.660078005581662 10.56337492124629 11.757262815029922 9.557967364076237
13.8 12.49985852109617 9.503071804859797 10.5681370097758 8.590903464094646
16.5 12.196854694045477 8.702152022422956 9.677503310671849 7.877109033365765
19.2 12.235370303799355 8.047391669616186 8.991789448582882 7.302345495067395
22.0 12.052411983752716 7.525458120806377 8.435701808874283 6.838504684832179
24.7 12.112143403386435 7.094211837644447 7.974992067293673 6.492103055256268
27.4 12.067880720671134 6.727485458121794 7.569579171035534 6.132024437689213
30.2 11.99793912062191 6.411179921748181 7.238525941365792 5.878147615679526
32.9 12.872963401352994 6.138831120059395 6.951215531714304 5.6209488492494035
35.7 11.512608166279149 5.900359447985796 6.674596732040971 5.392445342789632
38.4 12.675801530773981 5.683922462670417 6.433090147244425 5.224008391476413
41.1 11.928661649522624 5.493359196839353 6.2210898003049255 5.06214037579593
43.9 11.271086655339845 5.32142316240747 6.029037820399056 4.87477387019872
46.6 12.265033915495275 5.159704253861453 5.851266799849079 4.725318244633451
49.3 12.433505308553471 5.0186073034098495 5.685386751068652 4.607431482913744
52.1 11.695094408817553 4.888272535033301 5.5301932755691965 4.516001609449054
54.8 10.874846335692526 4.760430872009788 5.3857544319820585 4.410277768378665
57.5 11.191316073206483 4.646441347055946 5.252675292057129 4.277277160376841
60.3 11.913565958374788 4.543749422568837 5.131015166745434 4.164648223379042
63.0 12.421689633378765 4.449582161853879 5.020632098209976 4.0682254421445325
