0.1 61.93226118236255 64.73033046096837 64.7127426200171 64.51095233515093
2.9 15.645427120728844 22.749914903244278 23.67470778053757 18.775105587477704
5.7 13.85101967799613 14.916069553012168 16.729860298221677 13.51228337838014
8.6 13.261164209980823 12.304563967289415 13.745058986556465 11.139982916534802
11.4 12.933009143420255 10.735593484070584 11.952997968154918 9.710066755960517
14.2 12.84260443369603 9.658953650348197 10.749044056373462 8.746425786407043
17.0 12.628902751581563 8.836510302897409 9.841430868399563 8.014867496639882
19.9 12.537539451445644 8.17470144379494 9.133378200674517 7.434324683761034
22.7 12.395210561120965 7.641723408734138 8.580502450651476 6.948043073816975
25.5 12.550710675443352 7.201814276418418 8.098220887958849 6.583421405152283
28.3 12.423993203026697 6.83275388271779 7.694504929743918 6.232297106193678
31.1 12.528715652895546 6.514973148809292 7.360758339087311 5.993712829074105
34.0 13.010085906857471 6.234276687565271 7.061154117423334 5.701389991509113
36.8 11.917133846418583 5.9957626273111995 6.7790613276691305 5.4852278898016955
39.6 12.663939890526697 5.772876944879176 6.537018831327602 5.329137823873427
42.4 12.780297541956559 5.5843238382564175 6.321830907012239 5.125204332001541
45.2 11.516323138501681 5.402523125624612 6.124857445390045 4.946514590749439
48.1 12.167178350692648 5.2424703720702315 5.943179154965204 4.805780693128169
50.9 12.829960536334665 5.102249927555201 5.77282848478698 4.696571470423257
53.7 12.592862021610806 4.961958694274039 5.614387550332805 4.611242189326278
56.5 11.592793652760248 4.835298426728332 5.468090746273933 4.460517472033362
59.4 11.337618285685783 4.7220985874812875 5.334270920979989 4.3330851984672805
62.2 11.918597019034609 4.61933814759171 5.21306849427271 4.227025714698656
65.0 11.900956083555334 4.516724682103276 5.103780463104307 4.135608880831982
