0.1 63.83786921874295 66.72203284209273 66.70390453278901 66.4956161518395
3.0 16.057742798644167 22.962258669692083 24.033452408626395 19.069335687345728
5.9 14.28560687220569 15.157808152739106 16.994014419607442 13.743865187611632
8.8 13.625364071186604 12.5062203881078 13.965915474324756 11.318710154148977
11.7 13.25635717044426 10.908508077856307 12.15158863331662 9.869230475222214
14.6 13.128547403691902 9.8113785932183 10.928318679859657 8.875831473694923
17.6 13.01870469996978 8.968464479508649 10.005807298676565 8.124911262990151
20.5 12.892063899896053 8.297248775226803 9.276947824683198 7.560645118612764
23.4 12.824080844961934 7.755818515496146 8.724462925484447 7.063231905966685
26.3 12.977145682864705 7.309925271087389 8.22268868447785 6.671396947121314
29.2 12.720205171186173 6.934064800721804 7.819292002959423 6.33756045070974
32.1 12.718830035606475 6.6148581985876795 7.480785115719551 6.0657904788095385
35.0 12.416590190629606 6.330840588985344 7.165109329687394 5.786138818271255
37.9 12.782852746658547 6.083495329976695 6.883446916562541 5.58283926595501
40.8 12.530888140816206 5.862846756767202 6.639702242226234 5.408267819664728
43.7 13.36795863585944 5.667835096394968 6.420884045453009 5.192544236416137
46.6 12.047161922859715 5.484536128524252 6.219619797779609 5.022875163938474
49.5 12.060990722258984 5.32592010645267 6.032564884902539 4.89112256902159
52.5 13.009578419541766 5.178004872617135 5.85840960697751 4.790727513838624
55.4 13.303813479664047 5.036328791765471 5.697255776225263 4.658995146530512
58.3 12.539622971725079 4.910725201669186 5.549782692403626 4.514288391426717
61.2 11.831219099586775 4.797797169472044 5.4161581967445445 4.392868897889305
64.1 12.142224899930515 4.690319084887769 5.295810736742586 4.29247815695993
67.0 12.490341168949096 4.583170411367082 5.187681363076022 4.208279357746585
