0.1 65.74347725512331 68.71373522321706 68.69506648183494 68.48025755781977
3.1 16.451559167380083 23.172608605525703 24.38447537404734 19.361814860342133
6.1 14.677210612679472 15.390245802783157 17.248475710713286 13.95134251663635
9.1 14.015623302093704 12.697578385686501 14.16893424466395 11.503643811399703
12.1 13.645451481085077 11.08131399443337 12.347757582446699 10.0348245581019
15.1 13.451520788415275 9.96355575786018 11.082810767476172 9.001647719836926
18.1 13.435683963624049 9.101414822135757 10.17006062396237 8.240502794429522
21.1 13.19710689331026 8.417402655055819 9.421933019909707 7.658789707358448
24.1 13.203548785605742 7.871062984841051 8.857297823990073 7.184427223767621
27.1 13.268528849324815 7.419267336691071 8.347590890699266 6.764449688262264
30.1 13.048314236802529 7.036394938289195 7.943378381985273 6.448492504826483
33.1 12.843689547607022 6.709460204253897 7.598644841614045 6.142160856590485
36.0 12.182907011065378 6.428461072618035 7.269587725585851 5.8756272993715735
39.0 13.836187786019146 6.172000840167637 6.9876647443480815 5.685526800157791
42.0 12.615346919848916 5.953627912376547 6.740858122546402 5.4701753032694205
45.0 13.562282855527025 5.7488692345592565 6.517053328712338 5.263739479132721
48.0 12.810024343860547 5.567315648500051 6.311534498838437 5.103350839249629
51.0 12.217545866753202 5.40957247235697 6.119794154417522 4.980789965255062
54.0 12.96793738460331 5.251823680643202 5.942260351244781 4.8761245172834435
57.0 13.845877308833263 5.111384316252968 5.779369367400449 4.7101457264586175
60.0 13.508607600927531 4.986447057074512 5.63146492631593 4.571631750192932
63.0 12.683056366796828 4.873091839261789 5.498453132498488 4.4566724050019015
66.0 12.521620721425199 4.756486183060783 5.37937906995879 4.361600209404122
69.0 12.136271969051588 4.650168073028757 5.267091061535207 4.285330330571166
