0.1 67.64908529150372 70.7054376043414 70.68622846663929 70.4648761620235
3.2 16.82488284010455 23.38118887272231 24.738435642061503 19.65153217486668
6.3 15.035795919473953 15.624623918321904 17.49329544574152 14.162793517495025
9.3 14.40479012210212 12.888490409582138 14.374500028331973 11.689665806733228
12.4 14.05400750967424 11.24816070012575 12.520474169397945 10.187052720392701
15.5 13.843694571508491 10.11488368800413 11.240334802482097 9.132493560765198
18.6 13.89922177779154 9.22990500474796 10.315195690900122 8.361194630872328
21.7 13.587101918801286 8.53863407771152 9.567346148153113 7.761658753344389
24.8 13.664429432259599 7.987292037277883 8.978751443730545 7.311232259748812
27.8 13.583191361047632 7.5297640577803735 8.472506280197152 6.862334356793017
30.9 13.383933137402146 7.139972615969485 8.06598848824236 6.564804759749461
34.0 13.155208757574602 6.805017119195999 7.707304773298764 6.223034986847925
37.1 12.75078505796787 6.52057797921638 7.374008128265404 5.970003268955549
40.2 14.071203878081626 6.26151700916194 7.091058853408213 5.789768891562968
43.3 13.010287645692268 6.040720541220905 6.840541503963373 5.5362305777884195
46.3 13.429786887246259 5.830709033029349 6.612205500770195 5.339321558420835
49.4 13.622191218981973 5.65073435514323 6.40105379909698 5.188446882909245
52.5 12.637755466471615 5.484530899662367 6.205276203511989 5.075243779611294
55.6 12.989164449185983 5.326329734107969 6.025003861918669 4.924515161964461
58.7 14.16640144543016 5.1869490819522195 5.861002422549597 4.764956072238834
61.8 14.33308052823674 5.062094813855589 5.713466694485874 4.632786993417862
64.8 13.608332564915294 4.940251328955635 5.581577702572415 4.5243008020774145
67.9 13.097520343906165 4.823176155581428 5.463686927252156 4.4350609632118605
71.0 12.329927753389923 4.717503836350964 5.339166979791463 4.365552554385933
