0.1 6.6696281273163125 6.970973944792966 6.969062572362073 6.947916197144318
0.4 4.142392378820727 6.569390291274967 6.543079809104578 6.265780206338207
0.7 2.714687611496692 5.862721420036774 5.803798589104918 5.216629124252067
1.0 2.216547679205759 5.086688610010381 5.008061646738586 4.246510299895353
1.3 2.0654524722119247 4.388370743428428 4.3087191126474105 3.507032629621864
1.6 1.9762553328547878 3.8168925200003074 3.7518969063556478 2.9843015030812965
1.9 1.8577675969950076 3.3678805987491303 3.329004113417661 2.623541419057769
2.2 1.7439424584162475 3.0186507102722 3.014250583847327 2.3740955977881137
2.5 1.6457954271900617 2.744923711058923 2.7810724263415527 2.197679344838062
2.8 1.5367660316539518 2.5266124271647428 2.607238455193829 2.067092290548962
3.1 1.4099758283693937 2.348880321266119 2.4719641697603953 1.963925324277996
3.4 1.3031161174189805 2.201491004146806 2.3569278660435606 1.8768219061477256
3.7 1.2607535539803802 2.0776222020966797 2.2565799917571736 1.799886107498889
4.0 1.310086848321103 1.9726785713375312 2.1679323937413963 1.7308673968518018
4.3 1.4628733863081986 1.883337298377032 2.0886104734718356 1.6693204188479474
4.6 1.705740699976557 1.8069366128180016 2.017597198210054 1.6136865296982266
4.9 1.9640071594730044 1.7411935537194476 1.9543712326912086 1.5605106675596467
5.2 2.08315890370514 1.6841426937967996 1.8950614656532099 1.509054376762135
5.5 2.079123064697602 1.634176895815826 1.842098337270765 1.4611058853882666
5.8 2.016851561410404 1.5900716287646919 1.7924477773461474 1.4129113987805546
6.1 1.8621489137576408 1.5488374361713702 1.7477357207479487 1.3679695193678518
6.4 1.7856597657546192 1.5104208281615503 1.704703505808705 1.3241212830710731
6.7 1.6727447660011463 1.4748868032050426 1.6664805553997286 1.2837511237678945
7.0 1.5449908953299465 1.4409022222150287 1.6286229209221814 1.2467441950067222
