0.1 8.575236163711747 8.962673828485837 8.96022351532796 8.933030486734388
0.5 4.514698411673684 8.208959585969174 8.162528282983804 7.681178676022187
0.9 2.986813057567041 6.954740001764609 6.8613935000692985 5.951760702845514
1.3 2.653353013988102 5.750463157193034 5.646967380564691 4.6159183569626006
1.6 2.5341164774499947 4.805480998899071 4.726410254506244 3.750907530718201
2.0 2.332960939634788 4.114445475550879 4.083269073831095 3.214556700040477
2.4 2.2111901680911785 3.6130794464245697 3.6454648749074288 2.877580951497198
2.8 2.1993030003320775 3.2409003184548655 3.3465455027709066 2.6526334010589223
3.2 2.1886359214846367 2.9552032993772808 3.1288890606827775 2.485978206056296
3.6 2.095232574296273 2.7294805598488896 2.948722903220927 2.349302176237744
4.0 1.9081388272289 2.5481866625859566 2.7977081204715066 2.232364979021405
4.4 1.6735791409048484 2.401744607104866 2.667539693365843 2.134536453541951
4.7 1.5275036943551892 2.2831871670375357 2.553510351413052 2.049678937051275
5.1 1.4280598013710677 2.186602145773588 2.452948006408871 1.9749143011700627
5.5 1.47755971917676 2.106810526249592 2.364428061705821 1.9097791621307334
5.9 1.6604267913838346 2.039482354667187 2.2852098791446775 1.8533072054093056
6.3 1.8449876938226664 1.9780414887983138 2.212907588827841 1.7989589389397005
6.7 1.8993298472524065 1.9217497781385307 2.149987618181511 1.7509098014503195
7.1 1.923751684549664 1.8701525318635723 2.0898201468290036 1.7020821981464342
7.5 2.0440754013685645 1.8226570433315348 2.037274333531467 1.657090120917154
7.8 2.1104561814561493 1.7773583831121298 1.9875227075210709 1.6088628255650836
8.2 2.3450227064423976 1.735631107700732 1.9411900512225055 1.5618533074305156
8.6 2.3781507979472902 1.6954315231456047 1.899840617227068 1.5158924132964144
9.0 2.254377137639492 1.6579212707817939 1.859378984446033 1.4669254767683801
