0.1 0.0 0.018181818181818184
0.1 0.11 0.018185109530224196
0.1 0.22 0.01818840108496397
0.1 0.33 0.018191692840129017
0.1 0.43 0.01819498479020952
0.1 0.54 0.01819827693008351
0.1 0.65 0.018201569255008217
0.1 0.76 0.018204861760613568
0.1 0.87 0.018208154442897712
0.1 0.98 0.018211447298224947
0.1 1.09 0.01821474032332548
0.1 1.2 0.018218033515297515
0.1 1.3 0.01822132687161151
0.1 1.41 0.01822462039011642
0.1 1.52 0.018227914069048206
0.1 1.63 0.018231207907040397
0.1 1.74 0.01823450190313679
0.1 1.85 0.01823779605680633
0.1 1.96 0.018241090367959997
0.1 2.07 0.018244384836969853
0.1 2.17 0.018247679464690157
0.1 2.28 0.018250974252480644
0.1 2.39 0.01825426920223178
0.1 2.5 0.018257564316392114
 
2.5 0.0 0.018181818181818184
2.5 0.11 0.019466218309786294
2.5 0.22 0.020774729038504254
2.5 0.33 0.0221033729286993
2.5 0.43 0.02344817969612081
2.5 0.54 0.024804407363978636
2.5 0.65 0.02616772868006197
2.5 0.76 0.027533527370532534
2.5 0.87 0.028897192202093056
2.5 0.98 0.03025382585755172
2.5 1.09 0.03159899519107802
2.5 1.2 0.03292811575811075
2.5 1.3 0.03423670654058414
2.5 1.41 0.03552041978353212
2.5 1.52 0.03677506635598153
2.5 1.63 0.037996791478297945
2.5 1.74 0.03918179732599156
2.5 1.85 0.04032652387422072
2.5 1.96 0.04142773787115106
2.5 2.07 0.04248246768046215
2.5 2.17 0.04348803961996593
2.5 2.28 0.04444244219381245
2.5 2.39 0.04534346840616092
2.5 2.5 0.046189540240731145
 
4.9 0.0 0.018181818181818184
4.9 0.11 0.020827981497307413
4.9 0.22 0.02364435168059276
4.9 0.33 0.026609784591269597
4.9 0.43 0.029699697357210057
4.9 0.54 0.032885904330963306
4.9 0.65 0.03613742044073083
4.9 0.76 0.03942071709217585
4.9 0.87 0.042700770388095624
4.9 0.98 0.045941888592324044
4.9 1.09 0.04910874478773169
4.9 1.2 0.05216732089996846
4.9 1.3 0.05508530516587429
4.9 1.41 0.05783357672216533
4.9 1.52 0.06038693944903533
4.9 1.63 0.06272401977158089
4.9 1.74 0.06482857768910216
4.9 1.85 0.06668980505607498
4.9 1.96 0.06830168485797174
4.9 2.07 0.06966402825492542
4.9 2.17 0.07078184776496468
4.9 2.28 0.07166437542490595
4.9 2.39 0.07232602040828214
4.9 2.5 0.0727851074820994
 
7.3 0.0 0.018181818181818184
7.3 0.11 0.02211164839135293
7.3 0.22 0.026467370600126317
7.3 0.33 0.031200280712439236
7.3 0.43 0.03624389038860492
7.3 0.54 0.041515626154317656
7.3 0.65 0.04691745248484576
7.3 0.76 0.05234221366023657
7.3 0.87 0.05767771211952086
7.3 0.98 0.06281167809989814
7.3 1.09 0.06763916423265325
7.3 1.2 0.07206613549407817
7.3 1.3 0.0760174209839826
7.3 1.41 0.07943633147988637
7.3 1.52 0.08229258261888357
7.3 1.63 0.08457758593713204
7.3 1.74 0.08630970898867069
7.3 1.85 0.08752663666310816
7.3 1.96 0.0882868735577044
7.3 2.07 0.08865981361313752
7.3 2.17 0.08872526430942311
7.3 2.28 0.08856437501462283
7.3 2.39 0.08825628412580293
7.3 2.5 0.0878709804159453
 
9.6 0.0 0.018181818181818184
9.6 0.11 0.02334904838754078
9.6 0.22 0.02928667579632356
9.6 0.33 0.03591500408318731
9.6 0.43 0.04309930961587053
9.6 0.54 0.050655607604185075
9.6 0.65 0.05836255919556447
9.6 0.76 0.0659742407282519
9.6 0.87 0.07324154967721157
9.6 0.98 0.07992971393707986
9.6 1.09 0.08584152125374574
9.6 1.2 0.09083379506400893
9.6 1.3 0.09482742189798644
9.6 1.41 0.09781456402248861
9.6 1.52 0.09985572412398348
9.6 1.63 0.10106802215208666
9.6 1.74 0.10161124433479718
9.6 1.85 0.10166623030348079
9.6 1.96 0.1014142167875782
9.6 2.07 0.10101796203711744
9.6 2.17 0.10060736621778422
9.6 2.28 0.1002670666080572
9.6 2.39 0.10003750417743779
9.6 2.5 0.09991803769592224
 
12.0 0.0 0.018181818181818184
12.0 0.11 0.024547954571011645
12.0 0.22 0.03211590658445812
12.0 0.33 0.04076448243981044
12.0 0.43 0.05025460418003725
12.0 0.54 0.06024103724508698
12.0 0.65 0.07030015423162557
12.0 0.76 0.07997296440551345
12.0 0.87 0.08881547070863344
12.0 0.98 0.0964559736464196
12.0 1.09 0.1026404832040491
12.0 1.2 0.1072634666231261
12.0 1.3 0.1103766347884421
12.0 1.41 0.11216916225227913
12.0 1.52 0.11293260896244502
12.0 1.63 0.11300490537108789
12.0 1.74 0.11271374602901146
12.0 1.85 0.11232793177602306
12.0 1.96 0.11202510600344703
12.0 2.07 0.11187920420405582
12.0 2.17 0.11187336519624858
12.0 2.28 0.11192887947623482
12.0 2.39 0.11194290828069471
12.0 2.5 0.11182580318796792
 
14.4 0.0 0.018181818181818184
14.4 0.11 0.025714947913856204
14.4 0.22 0.03496895105690656
14.4 0.33 0.04576152583576564
14.4 0.43 0.05770232998151304
14.4 0.54 0.07020595492112398
14.4 0.65 0.08255536402423717
14.4 0.76 0.09400202146140706
14.4 0.87 0.10388402359636342
14.4 0.98 0.11173803031409388
14.4 1.09 0.11737564251224285
14.4 1.2 0.12090527501325818
14.4 1.3 0.12268871428711774
14.4 1.41 0.12324722549454259
14.4 1.52 0.1231350872667749
14.4 1.63 0.12282124842141982
14.4 1.74 0.12260705168534572
14.4 1.85 0.12259652714616331
14.4 1.96 0.12272861848655678
14.4 2.07 0.12284943105251409
14.4 2.17 0.1227993555652853
14.4 2.28 0.12248388683730789
14.4 2.39 0.12190551081050331
14.4 2.5 0.12115362250624018
 
16.8 0.0 0.018181818181818184
16.8 0.11 0.026872148311145566
16.8 0.22 0.037870169199292175
16.8 0.33 0.05092635089170734
16.8 0.43 0.06543719957769303
16.8 0.54 0.08048197820029544
16.8 0.65 0.09495096773213005
16.8 0.76 0.10775184530261216
16.8 0.87 0.11803516559081388
16.8 0.98 0.1253780937349346
16.8 1.09 0.1298630055631611
16.8 1.2 0.13201775257855997
16.8 1.3 0.13263785037615033
16.8 1.41 0.1325426212757367
16.8 1.52 0.1323566180800289
16.8 1.63 0.13238471241365926
16.8 1.74 0.13261458544743376
16.8 1.85 0.13283602889924487
16.8 1.96 0.132810605094845
16.8 2.07 0.1324101909804685
16.8 2.17 0.1316762794245136
16.8 2.28 0.13078277601821986
16.8 2.39 0.1299315305206278
16.8 2.5 0.12925209468890264
 
19.2 0.0 0.018181818181818184
19.2 0.11 0.02803282277703205
19.2 0.22 0.04083630161878813
19.2 0.33 0.05626865663711513
19.2 0.43 0.07344166584021813
19.2 0.54 0.09098774530344843
19.2 0.65 0.10730977520816103
19.2 0.76 0.12095433800695152
19.2 0.87 0.1309921854253824
19.2 0.98 0.13725700241270594
19.2 1.09 0.1403383370767615
19.2 1.2 0.14132177971482845
19.2 1.3 0.14137291125617546
19.2 1.41 0.14134814143456106
19.2 1.52 0.1415886352772436
19.2 1.63 0.14197216948483876
19.2 1.74 0.1421609731463523
19.2 1.85 0.14189218680889223
19.2 1.96 0.14115534580147482
19.2 2.07 0.14017387534560902
19.2 2.17 0.1392401996408264
19.2 2.28 0.1385295769872673
19.2 2.39 0.13801178293911484
19.2 2.5 0.13751150904716658
 
21.6 0.0 0.018181818181818184
21.6 0.11 0.02918382420035974
21.6 0.22 0.04386054146693653
21.6 0.33 0.06177750739960714
21.6 0.43 0.08167798883948342
21.6 0.54 0.10162729914646287
21.6 0.65 0.11945869592770224
21.6 0.76 0.13339908131003408
21.6 0.87 0.14262804176917887
21.6 0.98 0.14750284234685462
21.6 1.09 0.14930973147316667
21.6 1.2 0.14965280679070497
21.6 1.3 0.1497802973394005
21.6 1.41 0.15019140148939542
21.6 1.52 0.1507021869397674
21.6 1.63 0.15085623842322812
21.6 1.74 0.15038812417541278
21.6 1.85 0.1494262953414798
21.6 1.96 0.1483569874324711
21.6 2.07 0.14750789741913095
21.6 2.17 0.14692082139608265
21.6 2.28 0.14638046549005984
21.6 2.39 0.1456427609396825
21.6 2.5 0.14465162111764046
 
24.0 0.0 0.018181818181818184
24.0 0.11 0.030319526761795897
24.0 0.22 0.0469334052685529
24.0 0.33 0.06743643068294812
24.0 0.43 0.09010180762057396
24.0 0.54 0.11230145247461641
24.0 0.65 0.131243580664964
24.0 0.76 0.14494427136720078
24.0 0.87 0.1529561330247576
24.0 0.98 0.15641948286002458
24.0 1.09 0.1573678892521097
24.0 1.2 0.1576614537648664
24.0 1.3 0.1582044389280388
24.0 1.41 0.15886875130384998
24.0 1.52 0.15907698363652492
24.0 1.63 0.158514162299021
24.0 1.74 0.15742157913961893
24.0 1.85 0.15632732978725075
24.0 1.96 0.15555474507709943
24.0 2.07 0.15499018409373935
24.0 2.17 0.15428889413204308
24.0 2.28 0.1532643286311578
24.0 2.39 0.15206117397071262
24.0 2.5 0.15097070449165206
 
26.4 0.0 0.018181818181818184
26.4 0.11 0.03146227321591067
26.4 0.22 0.050067141852226764
26.4 0.33 0.07324350555078493
26.4 0.43 0.09867831688438808
26.4 0.54 0.12292073770523466
26.4 0.65 0.14253969780493228
26.4 0.76 0.15552575374604455
26.4 0.87 0.1621081404567033
26.4 0.98 0.16439671916847207
26.4 1.09 0.1650146528662033
26.4 1.2 0.16564804703589453
26.4 1.3 0.166499749989565
26.4 1.41 0.1668993999664214
26.4 1.52 0.1663798043194869
26.4 1.63 0.16522054435515698
26.4 1.74 0.16409308314994392
26.4 1.85 0.16334582716951387
26.4 1.96 0.16273958970627328
26.4 2.07 0.1618504635525406
26.4 2.17 0.16060218397668388
26.4 2.28 0.1593166092971589
26.4 2.39 0.15829147798439405
26.4 2.5 0.1574598900012791
 
28.7 0.0 0.018181818181818184
28.7 0.11 0.032621737937621596
28.7 0.22 0.0532779413217174
28.7 0.33 0.0792042961183834
28.7 0.43 0.10737934530022533
28.7 0.54 0.13340842158537305
28.7 0.65 0.1532584847663685
28.7 0.76 0.16515082754326713
28.7 0.87 0.17029721242414783
28.7 0.98 0.1718134970712892
28.7 1.09 0.17255668991683154
28.7 1.2 0.17357655403717304
28.7 1.3 0.17431024971646072
28.7 1.41 0.174016102400114
28.7 1.52 0.17286059258725497
28.7 1.63 0.17166180585951712
28.7 1.74 0.17088804568973712
28.7 1.85 0.17023383299260322
28.7 1.96 0.16919690898776532
28.7 2.07 0.1677920847265533
28.7 2.17 0.1664721016616204
28.7 2.28 0.165474750138273
28.7 2.39 0.16455013543826774
28.7 2.5 0.16338762550569536
 
31.1 0.0 0.018181818181818184
31.1 0.11 0.033775883902909226
31.1 0.22 0.056557328526847334
31.1 0.33 0.08530839637917555
31.1 0.43 0.11616909967919455
31.1 0.54 0.14369478829310872
31.1 0.65 0.1633450612231639
31.1 0.76 0.1738885804419278
31.1 0.87 0.1777726286771455
31.1 0.98 0.17896888848369996
31.1 1.09 0.18007611436134302
31.1 1.2 0.1812139832164806
31.1 1.3 0.18137862775971555
31.1 1.41 0.18036499776400644
31.1 1.52 0.1790635899292217
31.1 1.63 0.17820752169350731
31.1 1.74 0.17753004543862938
31.1 1.85 0.1764144613108237
31.1 1.96 0.1748919763989127
31.1 2.07 0.17352158576194154
31.1 2.17 0.17249842502099
31.1 2.28 0.17143771050730813
31.1 2.39 0.17007461459583043
31.1 2.5 0.16867410368601868
 
33.5 0.0 0.018181818181818184
33.5 0.11 0.03491886845680781
33.5 0.22 0.059888708330395654
33.5 0.33 0.09153283761037215
33.5 0.43 0.12500282205970978
33.5 0.54 0.15371236460954968
33.5 0.65 0.1727746933077972
33.5 0.76 0.18185280011060487
33.5 0.87 0.18477728164877405
33.5 0.98 0.1860387376000341
33.5 1.09 0.18748124174782202
33.5 1.2 0.18832037480509525
33.5 1.3 0.18771709835644315
33.5 1.41 0.18635139140527485
33.5 1.52 0.185334830568265
33.5 1.63 0.18465277893332363
33.5 1.74 0.18354642991325795
33.5 1.85 0.18193225997173576
33.5 1.96 0.1804676994410003
33.5 2.07 0.17938265163891987
33.5 2.17 0.17819788738009065
33.5 2.28 0.1766813501171349
33.5 2.39 0.17522910728262772
33.5 2.5 0.17408309079631648
 
35.9 0.0 0.018181818181818184
35.9 0.11 0.036077866490018214
35.9 0.22 0.0632808029477047
35.9 0.33 0.09786659314987253
35.9 0.43 0.13383746578956854
35.9 0.54 0.16340415532238742
35.9 0.65 0.18154927972561366
35.9 0.76 0.18918020074441474
35.9 0.87 0.19151475180003977
35.9 0.98 0.19307267324019453
35.9 1.09 0.19459833853326883
35.9 1.2 0.1947892106641814
35.9 1.3 0.19357555013820374
35.9 1.41 0.19232404827975294
35.9 1.52 0.1915949992888445
35.9 1.63 0.190596657137967
35.9 1.74 0.18894238533615926
35.9 1.85 0.18733152234601078
35.9 1.96 0.18615731269434874
35.9 2.07 0.1848885730724679
35.9 2.17 0.18325072176317223
35.9 2.28 0.18172792823033768
35.9 2.39 0.1805242455060822
35.9 2.5 0.17921695457950937
 
38.3 0.0 0.018181818181818184
38.3 0.11 0.037259591447192535
38.3 0.22 0.06675135479915462
38.3 0.33 0.1043113455762747
38.3 0.43 0.14264455844147106
38.3 0.54 0.17272791788837313
38.3 0.65 0.1896960719520283
38.3 0.76 0.1960189684859487
38.3 0.87 0.19812483997217062
38.3 0.98 0.2000179520959852
38.3 1.09 0.20127037142888107
38.3 1.2 0.20069616329210405
38.3 1.3 0.19926784315977233
38.3 1.41 0.19835334987669892
38.3 1.52 0.19752449061330699
38.3 1.63 0.19594459044135518
38.3 1.74 0.19415292594152636
38.3 1.85 0.19284497451007632
38.3 1.96 0.19154030288771415
38.3 2.07 0.1898080540279214
38.3 2.17 0.1881755791940505
38.3 2.28 0.1868895439588036
38.3 2.39 0.18545383612960947
38.3 2.5 0.18382562336154298
 
40.7 0.0 0.018181818181818184
40.7 0.11 0.03843600893998479
40.7 0.22 0.0702929933979941
40.7 0.33 0.11086093246089199
40.7 0.43 0.15139606587442836
40.7 0.54 0.18165809345612616
40.7 0.65 0.1972695418239358
40.7 0.76 0.20250855897290942
40.7 0.87 0.20467877170186735
40.7 0.98 0.20676634016348272
40.7 1.09 0.20742883855393981
40.7 1.2 0.20624670586232696
40.7 1.3 0.20498955090288176
40.7 1.41 0.20425125769699384
40.7 1.52 0.20292344011520383
40.7 1.63 0.20099067825250677
40.7 1.74 0.19946625256471745
40.7 1.85 0.1981566374938233
40.7 1.96 0.1963781791880095
40.7 2.07 0.19459219375416392
40.7 2.17 0.19320581217651708
40.7 2.28 0.19167757132283395
40.7 2.39 0.189940546609908
40.7 2.5 0.1884955442003942
 
43.1 0.0 0.018181818181818184
43.1 0.11 0.03960308530412627
43.1 0.22 0.07388571530858137
43.1 0.33 0.11749182999555752
43.1 0.43 0.16005858558003735
43.1 0.54 0.19018095570640642
43.1 0.65 0.20433762318433596
43.1 0.76 0.20877005503594945
43.1 0.87 0.21118268466752638
43.1 0.98 0.21320483236678298
43.1 1.09 0.21311630232160528
43.1 1.2 0.2116650891428006
43.1 1.3 0.21073070725639964
43.1 1.41 0.20977685340398283
43.1 1.52 0.20789935719914385
43.1 1.63 0.20606623137677793
43.1 1.74 0.20471750856503979
43.1 1.85 0.20297772890183
43.1 1.96 0.20101284173707484
43.1 2.07 0.19948984325003236
43.1 2.17 0.1979110022592858
43.1 2.28 0.19605930752507936
43.1 2.39 0.19450841463424415
43.1 2.5 0.19305587322798884
 
45.5 0.0 0.018181818181818184
45.5 0.11 0.04079098585740803
45.5 0.22 0.07753360622574201
45.5 0.33 0.12418600153556343
45.5 0.43 0.16859608205566748
45.5 0.54 0.1982865899491605
45.5 0.65 0.21097670349560754
45.5 0.76 0.214896417937762
45.5 0.87 0.21759601453742067
45.5 0.98 0.21925739641616118
45.5 1.09 0.21846326965439936
45.5 1.2 0.21709494549166
45.5 1.3 0.21633199742437956
45.5 1.41 0.21484710284695507
45.5 1.52 0.21274244343285384
45.5 1.63 0.21119975222704973
45.5 1.74 0.20959149827367107
45.5 1.85 0.20748820949915792
45.5 1.96 0.20575565465663956
45.5 2.07 0.2041598952374799
45.5 2.17 0.20220619636956233
45.5 2.28 0.20050582492997038
45.5 2.39 0.19897463620089967
45.5 2.5 0.19718387284982242
 
47.8 0.0 0.018181818181818184
47.8 0.11 0.042003071884831114
47.8 0.22 0.08125618068756107
47.8 0.33 0.13094041508620063
47.8 0.43 0.17698089632722142
47.8 0.54 0.20597585622664646
47.8 0.65 0.21726638053073313
47.8 0.76 0.22094721123506483
47.8 0.87 0.22385197300506895
47.8 0.98 0.22490822151907858
47.8 1.09 0.22363128092480283
47.8 1.2 0.22254625404010525
47.8 1.3 0.22161604796529624
47.8 1.41 0.21959266702148827
47.8 1.52 0.21764989207849836
47.8 1.63 0.21614872802354818
47.8 1.74 0.21406506288656685
47.8 1.85 0.2120377195971195
47.8 1.96 0.21040993927669238
47.8 2.07 0.20841097377699527
47.8 2.17 0.20651071507426116
47.8 2.28 0.20490875364203162
47.8 2.39 0.2030315004073849
47.8 2.5 0.20131268499679505
 
50.2 0.0 0.018181818181818184
50.2 0.11 0.043214877397143844
50.2 0.22 0.08505026323663128
50.2 0.33 0.13775781597696757
50.2 0.43 0.18520534914823364
50.2 0.54 0.21326770336497192
50.2 0.65 0.22327925533435486
50.2 0.76 0.22694482172535127
50.2 0.87 0.22988246067502408
50.2 0.98 0.2302055466437322
50.2 1.09 0.228751124232455
50.2 1.2 0.22792110506368987
50.2 1.3 0.22651659482456754
50.2 1.41 0.2242404918619335
50.2 1.52 0.2225704135314266
50.2 1.63 0.22071968189266933
50.2 1.74 0.21841580226895552
50.2 1.85 0.21663472342020618
50.2 1.96 0.2146879704080714
50.2 2.07 0.21256073004139348
50.2 2.17 0.21085560145834487
50.2 2.28 0.20893155221363868
50.2 2.39 0.20704522573196277
50.2 2.5 0.20543097785063724
 
52.6 0.0 0.018181818181818184
52.6 0.11 0.04441953552533397
52.6 0.22 0.0888988290466879
52.6 0.33 0.1446157350427158
52.6 0.43 0.19323509201212585
52.6 0.54 0.220168559708758
52.6 0.65 0.22908302763303046
52.6 0.76 0.23289425165209215
52.6 0.87 0.23563154754800886
52.6 0.98 0.23523548305151593
52.6 1.09 0.23389056777237904
52.6 1.2 0.23308474949659078
52.6 1.3 0.2311082740456646
52.6 1.41 0.22894030919143799
52.6 1.52 0.2272996347495586
52.6 1.63 0.22498379816999656
52.6 1.74 0.2228523342773966
52.6 1.85 0.22100039551529493
52.6 1.96 0.2187156446806155
52.6 2.07 0.21681109116076372
52.6 2.17 0.2148942494347508
52.6 2.28 0.2128208792330364
52.6 2.39 0.2111089208880182
52.6 2.5 0.20919916194284494
 
55.0 0.0 0.018181818181818184
55.0 0.11 0.04563069591646016
55.0 0.22 0.09276630724050748
55.0 0.33 0.15145776135278682
55.0 0.43 0.2010530626132595
55.0 0.54 0.2267472754790653
55.0 0.65 0.23475489413105677
55.0 0.76 0.23875125651277512
55.0 0.87 0.2410733324565137
55.0 0.98 0.24012223840723648
55.0 1.09 0.23902176098769817
55.0 1.2 0.23793932026675774
55.0 1.3 0.2355693212967143
55.0 1.41 0.23365770872609257
55.0 1.52 0.23169477968609686
55.0 1.63 0.22919459340037987
55.0 1.74 0.2272610121836296
55.0 1.85 0.22502584120669675
55.0 1.96 0.22279980092087673
55.0 2.07 0.22090131771816246
55.0 2.17 0.21868650375208137
55.0 2.28 0.21680564382177384
55.0 2.39 0.21487076603599706
55.0 2.5 0.21291707787096806
 
