1.000e-01 5.887e-02 5.892e-02 5.897e-02 5.902e-02 5.907e-02 5.912e-02 5.917e-02 5.922e-02
2.099e+00 7.441e-02 9.031e-02 1.057e-01 1.197e-01 1.320e-01 1.416e-01 1.485e-01 1.530e-01
4.098e+00 9.428e-02 1.330e-01 1.695e-01 1.964e-01 2.126e-01 2.181e-01 2.172e-01 2.126e-01
6.097e+00 1.153e-01 1.800e-01 2.317e-01 2.591e-01 2.640e-01 2.594e-01 2.559e-01 2.552e-01
8.096e+00 1.362e-01 2.263e-01 2.876e-01 3.030e-01 2.985e-01 2.964e-01 2.951e-01 2.895e-01
1.010e+01 1.598e-01 2.734e-01 3.314e-01 3.347e-01 3.319e-01 3.309e-01 3.233e-01 3.178e-01
1.209e+01 1.819e-01 3.185e-01 3.666e-01 3.637e-01 3.643e-01 3.561e-01 3.498e-01 3.435e-01
1.409e+01 2.070e-01 3.591e-01 3.951e-01 3.936e-01 3.902e-01 3.809e-01 3.737e-01 3.656e-01
1.609e+01 2.322e-01 3.976e-01 4.203e-01 4.221e-01 4.115e-01 4.049e-01 3.946e-01 3.868e-01
1.809e+01 2.576e-01 4.310e-01 4.447e-01 4.455e-01 4.345e-01 4.243e-01 4.155e-01 4.053e-01
2.009e+01 2.843e-01 4.587e-01 4.702e-01 4.653e-01 4.559e-01 4.436e-01 4.330e-01 4.230e-01
2.209e+01 3.084e-01 4.841e-01 4.940e-01 4.847e-01 4.743e-01 4.620e-01 4.503e-01 4.391e-01
2.409e+01 3.336e-01 5.072e-01 5.161e-01 5.047e-01 4.915e-01 4.784e-01 4.664e-01 4.550e-01
2.609e+01 3.616e-01 5.279e-01 5.364e-01 5.240e-01 5.090e-01 4.946e-01 4.814e-01 4.692e-01
2.809e+01 3.878e-01 5.486e-01 5.545e-01 5.418e-01 5.259e-01 5.105e-01 4.964e-01 4.839e-01
3.009e+01 4.169e-01 5.692e-01 5.718e-01 5.575e-01 5.405e-01 5.245e-01 5.100e-01 4.968e-01
3.208e+01 4.467e-01 5.901e-01 5.887e-01 5.724e-01 5.549e-01 5.383e-01 5.235e-01 5.102e-01
3.408e+01 4.745e-01 6.112e-01 6.066e-01 5.888e-01 5.701e-01 5.525e-01 5.365e-01 5.221e-01
3.608e+01 5.037e-01 6.327e-01 6.249e-01 6.049e-01 5.839e-01 5.646e-01 5.482e-01 5.341e-01
3.808e+01 5.338e-01 6.544e-01 6.430e-01 6.196e-01 5.968e-01 5.774e-01 5.609e-01 5.452e-01
4.008e+01 5.598e-01 6.752e-01 6.596e-01 6.331e-01 6.098e-01 5.901e-01 5.717e-01 5.565e-01
4.208e+01 5.876e-01 6.943e-01 6.743e-01 6.468e-01 6.235e-01 6.014e-01 5.833e-01 5.671e-01
4.408e+01 6.144e-01 7.129e-01 6.888e-01 6.609e-01 6.355e-01 6.131e-01 5.942e-01 5.778e-01
4.608e+01 6.370e-01 7.293e-01 7.032e-01 6.744e-01 6.470e-01 6.246e-01 6.044e-01 5.875e-01
4.808e+01 6.617e-01 7.451e-01 7.178e-01 6.873e-01 6.592e-01 6.350e-01 6.150e-01 5.975e-01
5.008e+01 6.845e-01 7.605e-01 7.318e-01 6.992e-01 6.707e-01 6.456e-01 6.246e-01 6.066e-01
5.207e+01 7.034e-01 7.744e-01 7.459e-01 7.111e-01 6.813e-01 6.564e-01 6.347e-01 6.160e-01
5.407e+01 7.261e-01 7.876e-01 7.594e-01 7.233e-01 6.920e-01 6.661e-01 6.441e-01 6.252e-01
5.607e+01 7.438e-01 8.017e-01 7.710e-01 7.349e-01 7.029e-01 6.763e-01 6.535e-01 6.342e-01
5.807e+01 7.600e-01 8.147e-01 7.823e-01 7.459e-01 7.136e-01 6.861e-01 6.628e-01 6.430e-01
6.007e+01 7.796e-01 8.271e-01 7.933e-01 7.562e-01 7.232e-01 6.952e-01 6.715e-01 6.512e-01
6.207e+01 7.927e-01 8.399e-01 8.044e-01 7.663e-01 7.329e-01 7.044e-01 6.805e-01 6.596e-01
6.407e+01 8.067e-01 8.518e-01 8.153e-01 7.766e-01 7.428e-01 7.137e-01 6.888e-01 6.678e-01
6.607e+01 8.217e-01 8.626e-01 8.258e-01 7.866e-01 7.520e-01 7.221e-01 6.971e-01 6.758e-01
6.807e+01 8.315e-01 8.727e-01 8.358e-01 7.960e-01 7.607e-01 7.310e-01 7.057e-01 6.837e-01
7.006e+01 8.430e-01 8.823e-01 8.448e-01 8.046e-01 7.695e-01 7.396e-01 7.135e-01 6.917e-01
7.206e+01 8.545e-01 8.907e-01 8.531e-01 8.133e-01 7.783e-01 7.473e-01 7.216e-01 6.992e-01
7.406e+01 8.618e-01 8.984e-01 8.613e-01 8.221e-01 7.864e-01 7.557e-01 7.292e-01 7.068e-01
7.606e+01 8.711e-01 9.062e-01 8.694e-01 8.304e-01 7.941e-01 7.635e-01 7.368e-01 7.139e-01
7.806e+01 8.801e-01 9.132e-01 8.776e-01 8.380e-01 8.019e-01 7.707e-01 7.441e-01 7.212e-01
8.006e+01 8.856e-01 9.198e-01 8.853e-01 8.453e-01 8.098e-01 7.785e-01 7.512e-01 7.279e-01
8.206e+01 8.930e-01 9.264e-01 8.924e-01 8.525e-01 8.168e-01 7.854e-01 7.582e-01 7.348e-01
8.406e+01 9.004e-01 9.329e-01 8.988e-01 8.599e-01 8.238e-01 7.923e-01 7.651e-01 7.415e-01
8.606e+01 9.041e-01 9.384e-01 9.051e-01 8.668e-01 8.308e-01 7.991e-01 7.716e-01 7.480e-01
8.806e+01 9.103e-01 9.438e-01 9.109e-01 8.730e-01 8.374e-01 8.058e-01 7.782e-01 7.543e-01
9.005e+01 9.164e-01 9.493e-01 9.166e-01 8.790e-01 8.436e-01 8.121e-01 7.846e-01 7.606e-01
9.205e+01 9.183e-01 9.537e-01 9.221e-01 8.850e-01 8.498e-01 8.182e-01 7.906e-01 7.664e-01
9.405e+01 9.245e-01 9.575e-01 9.278e-01 8.911e-01 8.561e-01 8.247e-01 7.968e-01 7.728e-01
9.605e+01 9.285e-01 9.616e-01 9.328e-01 8.968e-01 8.619e-01 8.304e-01 8.026e-01 7.782e-01
9.805e+01 9.297e-01 9.649e-01 9.372e-01 9.018e-01 8.672e-01 8.361e-01 8.084e-01 7.842e-01
1.000e+02 9.356e-01 9.675e-01 9.413e-01 9.067e-01 8.730e-01 8.419e-01 8.141e-01 7.897e-01
1.020e+02 9.378e-01 9.706e-01 9.454e-01 9.116e-01 8.782e-01 8.472e-01 8.196e-01 7.950e-01
1.040e+02 9.389e-01 9.734e-01 9.493e-01 9.166e-01 8.832e-01 8.526e-01 8.249e-01 8.006e-01
1.060e+02 9.443e-01 9.755e-01 9.530e-01 9.211e-01 8.881e-01 8.578e-01 8.303e-01 8.058e-01
1.080e+02 9.452e-01 9.779e-01 9.566e-01 9.251e-01 8.930e-01 8.626e-01 8.353e-01 8.110e-01
1.100e+02 9.468e-01 9.803e-01 9.600e-01 9.292e-01 8.977e-01 8.678e-01 8.403e-01 8.161e-01
1.120e+02 9.511e-01 9.820e-01 9.630e-01 9.331e-01 9.019e-01 8.723e-01 8.453e-01 8.209e-01
1.140e+02 9.514e-01 9.835e-01 9.657e-01 9.370e-01 9.062e-01 8.768e-01 8.499e-01 8.258e-01
1.160e+02 9.530e-01 9.853e-01 9.682e-01 9.406e-01 9.104e-01 8.814e-01 8.547e-01 8.307e-01
1.180e+02 9.563e-01 9.867e-01 9.707e-01 9.438e-01 9.143e-01 8.855e-01 8.589e-01 8.349e-01
1.200e+02 9.564e-01 9.875e-01 9.732e-01 9.470e-01 9.180e-01 8.898e-01 8.635e-01 8.397e-01
1.220e+02 9.579e-01 9.886e-01 9.754e-01 9.501e-01 9.218e-01 8.938e-01 8.677e-01 8.437e-01
1.240e+02 9.606e-01 9.896e-01 9.774e-01 9.531e-01 9.252e-01 8.976e-01 8.717e-01 8.480e-01
1.260e+02 9.605e-01 9.901e-01 9.792e-01 9.560e-01 9.287e-01 9.016e-01 8.760e-01 8.524e-01
1.280e+02 9.617e-01 9.905e-01 9.810e-01 9.585e-01 9.318e-01 9.051e-01 8.794e-01 8.562e-01
1.300e+02 9.644e-01 9.914e-01 9.825e-01 9.610e-01 9.352e-01 9.087e-01 8.836e-01 8.603e-01
1.320e+02 9.638e-01 9.919e-01 9.838e-01 9.634e-01 9.383e-01 9.121e-01 8.872e-01 8.641e-01
1.340e+02 9.650e-01 9.920e-01 9.853e-01 9.657e-01 9.410e-01 9.154e-01 8.907e-01 8.678e-01
1.360e+02 9.677e-01 9.927e-01 9.868e-01 9.679e-01 9.439e-01 9.188e-01 8.945e-01 8.717e-01
1.380e+02 9.663e-01 9.931e-01 9.879e-01 9.699e-01 9.466e-01 9.218e-01 8.977e-01 8.751e-01
1.400e+02 9.683e-01 9.929e-01 9.888e-01 9.718e-01 9.492e-01 9.250e-01 9.012e-01 8.789e-01
1.420e+02 9.703e-01 9.933e-01 9.898e-01 9.736e-01 9.516e-01 9.279e-01 9.045e-01 8.823e-01
1.440e+02 9.687e-01 9.937e-01 9.907e-01 9.753e-01 9.540e-01 9.306e-01 9.075e-01 8.856e-01
1.460e+02 9.714e-01 9.935e-01 9.915e-01 9.770e-01 9.564e-01 9.335e-01 9.107e-01 8.889e-01
1.480e+02 9.726e-01 9.934e-01 9.921e-01 9.784e-01 9.584e-01 9.361e-01 9.135e-01 8.921e-01
1.500e+02 9.713e-01 9.938e-01 9.928e-01 9.799e-01 9.605e-01 9.386e-01 9.165e-01 8.951e-01
1.520e+02 9.743e-01 9.935e-01 9.935e-01 9.813e-01 9.626e-01 9.412e-01 9.194e-01 8.983e-01
1.540e+02 9.747e-01 9.933e-01 9.940e-01 9.825e-01 9.645e-01 9.435e-01 9.219e-01 9.011e-01
1.560e+02 9.742e-01 9.935e-01 9.943e-01 9.837e-01 9.662e-01 9.458e-01 9.247e-01 9.041e-01
1.580e+02 9.770e-01 9.935e-01 9.947e-01 9.848e-01 9.680e-01 9.481e-01 9.272e-01 9.070e-01
1.600e+02 9.770e-01 9.932e-01 9.951e-01 9.858e-01 9.696e-01 9.500e-01 9.296e-01 9.094e-01
1.620e+02 9.770e-01 9.932e-01 9.954e-01 9.869e-01 9.713e-01 9.523e-01 9.322e-01 9.124e-01
1.640e+02 9.795e-01 9.934e-01 9.957e-01 9.878e-01 9.727e-01 9.542e-01 9.344e-01 9.147e-01
1.660e+02 9.796e-01 9.932e-01 9.958e-01 9.886e-01 9.742e-01 9.561e-01 9.368e-01 9.174e-01
1.680e+02 9.797e-01 9.929e-01 9.961e-01 9.893e-01 9.757e-01 9.581e-01 9.390e-01 9.199e-01
1.700e+02 9.821e-01 9.931e-01 9.963e-01 9.901e-01 9.769e-01 9.597e-01 9.410e-01 9.221e-01
1.720e+02 9.821e-01 9.931e-01 9.963e-01 9.909e-01 9.782e-01 9.615e-01 9.433e-01 9.248e-01
1.740e+02 9.821e-01 9.927e-01 9.963e-01 9.915e-01 9.794e-01 9.632e-01 9.452e-01 9.268e-01
1.760e+02 9.845e-01 9.927e-01 9.964e-01 9.920e-01 9.805e-01 9.648e-01 9.472e-01 9.292e-01
1.780e+02 9.841e-01 9.929e-01 9.966e-01 9.925e-01 9.815e-01 9.663e-01 9.491e-01 9.314e-01
1.800e+02 9.841e-01 9.924e-01 9.965e-01 9.930e-01 9.825e-01 9.677e-01 9.509e-01 9.334e-01
1.820e+02 9.867e-01 9.923e-01 9.964e-01 9.935e-01 9.836e-01 9.693e-01 9.528e-01 9.356e-01
1.840e+02 9.855e-01 9.926e-01 9.965e-01 9.939e-01 9.845e-01 9.705e-01 9.544e-01 9.375e-01
1.860e+02 9.861e-01 9.924e-01 9.965e-01 9.942e-01 9.853e-01 9.718e-01 9.561e-01 9.394e-01
1.880e+02 9.883e-01 9.921e-01 9.964e-01 9.945e-01 9.861e-01 9.732e-01 9.577e-01 9.414e-01
1.900e+02 9.866e-01 9.925e-01 9.962e-01 9.948e-01 9.869e-01 9.743e-01 9.592e-01 9.431e-01
1.920e+02 9.877e-01 9.925e-01 9.962e-01 9.951e-01 9.876e-01 9.755e-01 9.607e-01 9.450e-01
1.940e+02 9.892e-01 9.921e-01 9.962e-01 9.954e-01 9.883e-01 9.766e-01 9.623e-01 9.467e-01
1.960e+02 9.874e-01 9.923e-01 9.961e-01 9.956e-01 9.889e-01 9.776e-01 9.635e-01 9.482e-01
1.980e+02 9.888e-01 9.924e-01 9.959e-01 9.958e-01 9.896e-01 9.787e-01 9.650e-01 9.502e-01
