0.1 2.5 2.5 2.5 2.5
0.6 2.5 2.5 2.5 2.5
1.0 2.5 2.5 2.5 2.5
1.5 2.5 2.5 2.5 2.5
2.0 2.17 2.5 2.5 2.5
2.5 1.85 2.5 2.5 2.5
2.9 1.74 2.5 2.5 2.5
3.4 1.63 2.5 2.17 2.5
3.9 1.52 2.5 2.07 2.5
4.4 1.41 2.5 1.96 2.5
4.8 1.41 2.5 1.85 2.39
5.3 1.41 2.5 1.74 2.28
5.8 1.41 2.5 1.63 2.17
6.3 1.3 2.39 1.52 2.07
6.7 1.2 2.28 1.41 1.96
7.2 1.09 2.17 1.41 1.96
7.7 0.98 2.07 1.3 1.85
8.2 0.98 1.96 1.3 1.85
8.6 0.98 1.96 1.3 1.74
9.1 0.87 1.85 1.2 1.74
9.6 0.87 1.85 1.2 1.63
10.1 1.96 1.74 1.2 1.63
10.5 1.85 1.74 1.09 1.63
11.0 1.74 1.74 1.09 1.63
