0.1 2.5 2.5 2.5 2.5
0.7 2.5 2.5 2.5 2.5
1.2 2.5 2.5 2.5 2.5
1.8 2.28 2.5 2.5 2.5
2.3 1.96 2.5 2.5 2.5
2.9 1.74 2.5 2.5 2.5
3.5 1.63 2.5 2.17 2.5
4.0 1.52 2.5 1.96 2.5
4.6 1.41 2.5 1.85 2.39
5.1 1.3 2.5 1.74 2.28
5.7 1.2 2.5 1.63 2.17
6.3 1.2 2.39 1.52 2.07
6.8 1.3 2.28 1.41 1.96
7.4 1.3 2.17 1.41 1.85
8.0 1.09 2.07 1.3 1.85
8.5 1.09 1.96 1.3 1.74
9.1 0.98 1.85 1.2 1.74
9.6 0.98 1.85 1.2 1.63
10.2 0.87 1.74 1.09 1.63
10.8 0.87 1.74 1.09 1.52
11.3 0.87 1.63 1.09 1.52
11.9 0.76 1.63 1.09 1.52
12.4 0.76 1.52 0.98 1.41
13.0 1.74 1.52 0.98 1.41
