0.1 2.5 2.5 2.5 2.5
0.7 2.5 2.5 2.5 2.5
1.4 2.5 2.5 2.5 2.5
2.0 2.17 2.5 2.5 2.5
2.7 1.85 2.5 2.5 2.5
3.3 1.63 2.5 2.28 2.5
4.0 1.52 2.5 2.07 2.5
4.6 1.41 2.5 1.85 2.39
5.3 1.3 2.5 1.74 2.28
5.9 1.2 2.39 1.63 2.07
6.6 1.2 2.28 1.52 1.96
7.2 1.09 2.17 1.41 1.96
7.9 1.09 2.07 1.3 1.85
8.5 1.2 1.96 1.3 1.74
9.2 1.09 1.85 1.2 1.74
9.8 1.09 1.74 1.2 1.63
10.5 0.98 1.74 1.09 1.63
11.1 0.98 1.63 1.09 1.52
11.8 0.87 1.63 1.09 1.52
12.4 0.87 1.52 0.98 1.41
13.1 0.76 1.52 0.98 1.41
13.7 0.76 1.52 0.98 1.41
14.4 0.76 1.41 0.98 1.3
15.0 0.76 1.41 0.87 1.3
