0.1 2.5 2.5 2.5 2.5
0.8 2.5 2.5 2.5 2.5
1.6 2.39 2.5 2.5 2.5
2.3 1.96 2.5 2.5 2.5
3.0 1.74 2.5 2.39 2.5
3.8 1.52 2.5 2.07 2.5
4.5 1.41 2.5 1.85 2.39
5.2 1.3 2.5 1.74 2.28
6.0 1.2 2.39 1.63 2.07
6.7 1.2 2.28 1.52 1.96
7.4 1.09 2.07 1.41 1.85
8.2 0.98 1.96 1.3 1.85
8.9 0.87 1.85 1.2 1.74
9.7 0.98 1.85 1.2 1.63
10.4 1.09 1.74 1.09 1.63
11.1 0.98 1.63 1.09 1.52
11.9 0.98 1.63 1.09 1.52
12.6 0.87 1.52 0.98 1.41
13.3 0.87 1.52 0.98 1.41
14.1 0.87 1.41 0.98 1.41
14.8 0.76 1.41 0.87 1.3
15.5 0.76 1.41 0.87 1.3
16.3 0.76 1.96 0.87 1.3
17.0 0.76 1.85 0.87 1.2
