0.1 2.5 2.5 2.5 2.5
0.9 2.5 2.5 2.5 2.5
1.7 2.39 2.5 2.5 2.5
2.6 1.85 2.5 2.5 2.5
3.4 1.63 2.5 2.28 2.5
4.2 1.52 2.5 1.96 2.5
5.0 1.41 2.5 1.74 2.28
5.9 1.2 2.5 1.63 2.17
6.7 1.2 2.28 1.52 1.96
7.5 1.09 2.07 1.41 1.85
8.3 1.09 1.96 1.3 1.74
9.1 0.98 1.85 1.2 1.74
10.0 0.87 1.74 1.2 1.63
10.8 0.87 1.74 1.09 1.52
11.6 0.87 1.63 1.09 1.52
12.4 0.87 1.52 0.98 1.41
13.2 0.98 1.52 0.98 1.41
14.1 0.87 1.41 0.98 1.41
14.9 0.87 1.41 0.87 1.3
15.7 0.87 1.41 0.87 1.3
16.5 0.76 1.96 0.87 1.3
17.4 0.76 1.85 0.87 1.2
18.2 0.76 1.85 0.87 1.2
19.0 0.65 1.74 0.76 1.2
