0.1 2.5 2.5 2.5 2.5
1.0 2.5 2.5 2.5 2.5
1.9 2.28 2.5 2.5 2.5
2.8 1.85 2.5 2.5 2.5
3.7 1.63 2.5 2.07 2.5
4.6 1.41 2.5 1.85 2.39
5.6 1.3 2.5 1.63 2.17
6.5 1.2 2.28 1.52 2.07
7.4 1.09 2.17 1.41 1.85
8.3 1.09 1.96 1.3 1.74
9.2 0.98 1.85 1.2 1.74
10.1 0.98 1.74 1.2 1.63
11.0 0.98 1.63 1.09 1.52
11.9 0.76 1.63 1.09 1.52
12.8 0.76 1.52 0.98 1.41
13.7 0.76 1.52 0.98 1.41
14.6 0.87 1.41 0.87 1.3
15.5 0.87 1.41 0.87 1.3
16.5 0.87 1.96 0.87 1.3
17.4 0.76 1.85 0.87 1.2
18.3 0.76 1.74 0.76 1.2
19.2 0.76 1.74 0.76 1.2
20.1 0.76 1.63 0.76 1.2
21.0 0.65 1.63 0.76 1.09
