0.1 2.5 2.5 2.5 2.5
1.1 2.5 2.5 2.5 2.5
2.1 2.07 2.5 2.5 2.5
3.1 1.74 2.5 2.39 2.5
4.1 1.52 2.5 1.96 2.5
5.1 1.3 2.5 1.74 2.28
6.1 1.2 2.39 1.52 2.07
7.1 1.09 2.17 1.41 1.96
8.1 1.09 2.07 1.3 1.85
9.1 0.98 1.85 1.2 1.74
10.1 0.98 1.74 1.2 1.63
11.1 0.98 1.63 1.09 1.52
12.0 0.98 1.63 0.98 1.52
13.0 0.87 1.52 0.98 1.41
14.0 0.76 1.41 0.98 1.41
15.0 0.76 1.41 0.87 1.3
16.0 0.76 1.96 0.87 1.3
17.0 0.76 1.85 0.87 1.2
18.0 0.76 1.85 0.87 1.2
19.0 0.76 1.74 0.76 1.2
20.0 0.76 1.74 0.76 1.2
21.0 0.76 1.63 0.76 1.09
22.0 0.65 1.63 0.76 1.09
23.0 0.65 1.52 0.76 1.09
