0.1 2.5 2.5 2.5 2.5
1.2 2.5 2.5 2.5 2.5
2.3 1.96 2.5 2.5 2.5
3.3 1.63 2.5 2.28 2.5
4.4 1.41 2.5 1.85 2.5
5.5 1.3 2.5 1.63 2.17
6.6 1.2 2.28 1.52 1.96
7.7 1.09 2.07 1.3 1.85
8.8 0.98 1.96 1.2 1.74
9.8 0.98 1.74 1.2 1.63
10.9 0.87 1.63 1.09 1.52
12.0 0.87 1.63 1.09 1.52
13.1 0.87 1.52 0.98 1.41
14.2 0.87 1.41 0.98 1.41
15.3 0.76 1.41 0.87 1.3
16.3 0.76 1.96 0.87 1.3
17.4 0.65 1.85 0.87 1.2
18.5 0.65 1.74 0.76 1.2
19.6 0.65 1.74 0.76 1.2
20.7 0.76 1.63 0.76 1.09
21.8 0.76 1.63 0.76 1.09
22.8 0.76 1.52 0.76 1.09
23.9 0.65 1.52 0.65 1.09
25.0 0.65 1.41 0.65 0.98
