0.1 2.5 2.5 2.5 2.5
1.3 2.5 2.5 2.5 2.5
2.4 1.96 2.5 2.5 2.5
3.6 1.63 2.5 2.17 2.5
4.8 1.41 2.5 1.85 2.39
5.9 1.2 2.39 1.63 2.07
7.1 1.09 2.17 1.41 1.96
8.3 1.09 1.96 1.3 1.74
9.5 0.98 1.85 1.2 1.63
10.6 0.98 1.74 1.09 1.63
11.8 0.87 1.63 1.09 1.52
13.0 0.87 1.52 0.98 1.41
14.1 0.76 1.41 0.98 1.41
15.3 0.87 1.41 0.87 1.3
16.5 0.76 1.96 0.87 1.3
17.6 0.76 1.85 0.87 1.2
18.8 0.65 1.74 0.76 1.2
20.0 0.65 1.74 0.76 1.2
21.2 0.65 1.63 0.76 1.09
22.3 0.65 1.52 0.76 1.09
23.5 0.65 1.52 0.76 1.09
24.7 0.65 1.52 0.65 1.09
25.8 0.65 1.41 0.65 0.98
27.0 0.65 1.41 0.65 0.98
