0.1 2.5 2.5 2.5 2.5
1.4 2.5 2.5 2.5 2.5
2.6 1.85 2.5 2.5 2.5
3.9 1.52 2.5 2.07 2.5
5.1 1.3 2.5 1.74 2.28
6.4 1.2 2.28 1.52 2.07
7.6 1.09 2.07 1.3 1.85
8.9 0.98 1.85 1.2 1.74
10.2 0.98 1.74 1.2 1.63
11.4 0.87 1.63 1.09 1.52
12.7 0.87 1.52 0.98 1.41
13.9 0.87 1.52 0.98 1.41
15.2 0.76 1.41 0.87 1.3
16.4 0.87 1.96 0.87 1.3
17.7 0.76 1.85 0.87 1.2
18.9 0.76 1.74 0.76 1.2
20.2 0.65 1.63 0.76 1.2
21.5 0.65 1.63 0.76 1.09
22.7 0.54 1.52 0.76 1.09
24.0 0.54 1.52 0.65 1.09
25.2 0.54 1.41 0.65 0.98
26.5 0.65 1.41 0.65 0.98
27.7 0.65 1.41 0.65 0.98
29.0 0.65 1.3 0.65 0.98
