0.1 2.5 2.5 2.5 2.5
1.4 2.5 2.5 2.5 2.5
2.8 1.85 2.5 2.5 2.5
4.1 1.52 2.5 1.96 2.5
5.5 1.3 2.5 1.63 2.17
6.8 1.2 2.28 1.41 1.96
8.2 1.09 1.96 1.3 1.85
9.5 0.98 1.85 1.2 1.63
10.8 0.87 1.74 1.09 1.52
12.2 0.87 1.63 0.98 1.52
13.5 0.87 1.52 0.98 1.41
14.9 0.76 1.41 0.87 1.3
16.2 0.76 1.96 0.87 1.3
17.6 0.76 1.85 0.87 1.2
18.9 0.76 1.74 0.76 1.2
20.3 0.76 1.63 0.76 1.2
21.6 0.65 1.63 0.76 1.09
22.9 0.65 1.52 0.76 1.09
24.3 0.54 1.52 0.65 1.09
25.6 0.54 1.41 0.65 0.98
27.0 0.54 1.41 0.65 0.98
28.3 0.54 1.3 0.65 0.98
29.7 0.54 1.3 0.65 0.98
31.0 0.54 1.3 0.65 0.98
