0.1 2.5 2.5 2.5 2.5
1.5 2.5 2.5 2.5 2.5
3.0 1.74 2.5 2.5 2.5
4.4 1.41 2.5 1.96 2.5
5.8 1.3 2.5 1.63 2.17
7.3 1.09 2.17 1.41 1.96
8.7 0.98 1.96 1.3 1.74
10.1 0.98 1.74 1.2 1.63
11.5 0.87 1.63 1.09 1.52
13.0 0.87 1.52 0.98 1.41
14.4 0.76 1.41 0.98 1.3
15.8 0.76 1.96 0.87 1.3
17.3 0.76 1.85 0.87 1.2
18.7 0.65 1.74 0.76 1.2
20.1 0.65 1.63 0.76 1.2
21.6 0.65 1.63 0.76 1.09
23.0 0.65 1.52 0.76 1.09
24.4 0.65 1.52 0.65 1.09
25.8 0.54 1.41 0.65 0.98
27.3 0.54 1.41 0.65 0.98
28.7 0.54 1.3 0.65 0.98
30.1 0.54 1.3 0.65 0.98
31.6 0.54 1.3 0.65 0.87
33.0 0.54 1.2 0.65 0.87
