0.1 2.5 2.5 2.5 2.5
1.6 2.39 2.5 2.5 2.5
3.1 1.74 2.5 2.39 2.5
4.7 1.41 2.5 1.85 2.39
6.2 1.2 2.39 1.52 2.07
7.7 1.09 2.07 1.3 1.85
9.2 0.98 1.85 1.2 1.74
10.7 0.98 1.74 1.09 1.52
12.2 0.87 1.63 0.98 1.52
13.8 0.87 1.52 0.98 1.41
15.3 0.76 1.41 0.87 1.3
16.8 0.76 1.85 0.87 1.3
18.3 0.76 1.74 0.76 1.2
19.8 0.65 1.74 0.76 1.2
21.3 0.65 1.63 0.76 1.09
22.9 0.65 1.52 0.76 1.09
24.4 0.65 1.52 0.65 1.09
25.9 0.65 1.41 0.65 0.98
27.4 0.54 1.41 0.65 0.98
28.9 0.54 1.3 0.65 0.98
30.4 0.54 1.3 0.65 0.98
32.0 0.54 1.2 0.65 0.87
33.5 0.54 1.2 0.54 0.87
35.0 1.3 1.2 0.54 0.87
