0.1 2.5 2.5 2.5 2.5
1.7 2.39 2.5 2.5 2.5
3.3 1.63 2.5 2.28 2.5
4.9 1.41 2.5 1.74 2.28
6.5 1.2 2.28 1.52 2.07
8.1 1.09 1.96 1.3 1.85
9.7 0.98 1.85 1.2 1.63
11.3 0.87 1.63 1.09 1.52
12.9 0.87 1.52 0.98 1.41
14.5 0.76 1.41 0.98 1.3
16.1 0.76 1.96 0.87 1.3
17.7 0.76 1.85 0.87 1.2
19.4 0.76 1.74 0.76 1.2
21.0 0.65 1.63 0.76 1.09
22.6 0.65 1.52 0.76 1.09
24.2 0.65 1.52 0.65 1.09
25.8 0.65 1.41 0.65 0.98
27.4 0.65 1.41 0.65 0.98
29.0 0.54 1.3 0.65 0.98
30.6 0.54 1.3 0.65 0.98
32.2 0.54 1.2 0.65 0.87
33.8 0.54 1.2 0.54 0.87
35.4 0.43 1.2 0.54 0.87
37.0 0.43 1.09 0.54 0.87
