0.1 2.5 2.5 2.5 2.5
1.8 2.28 2.5 2.5 2.5
3.5 1.63 2.5 2.17 2.5
5.2 1.3 2.5 1.74 2.28
6.9 1.2 2.17 1.41 1.96
8.6 0.98 1.96 1.3 1.74
10.2 0.98 1.74 1.09 1.63
11.9 0.87 1.63 1.09 1.52
13.6 0.87 1.52 0.98 1.41
15.3 0.76 1.41 0.87 1.3
17.0 0.76 1.85 0.87 1.2
18.7 0.65 1.74 0.76 1.2
20.4 0.65 1.63 0.76 1.09
22.1 0.65 1.63 0.76 1.09
23.8 0.65 1.52 0.65 1.09
25.5 0.54 1.41 0.65 0.98
27.2 0.54 1.41 0.65 0.98
28.9 0.65 1.3 0.65 0.98
30.5 0.54 1.3 0.65 0.98
32.2 0.54 1.2 0.65 0.87
33.9 0.54 1.2 0.54 0.87
35.6 0.54 1.2 0.54 0.87
37.3 0.43 1.09 0.54 0.87
39.0 0.43 1.09 0.54 0.87
