0.1 2.5 2.5 2.5 2.5
1.9 2.28 2.5 2.5 2.5
3.7 1.63 2.5 2.17 2.5
5.4 1.3 2.5 1.63 2.17
7.2 1.09 2.17 1.41 1.96
9.0 0.98 1.85 1.2 1.74
10.8 0.87 1.74 1.09 1.52
12.5 0.87 1.52 0.98 1.41
14.3 0.76 1.41 0.98 1.3
16.1 0.76 1.96 0.87 1.3
17.9 0.76 1.85 0.87 1.2
19.7 0.65 1.74 0.76 1.2
21.4 0.65 1.63 0.76 1.09
23.2 0.65 1.52 0.76 1.09
25.0 0.65 1.41 0.65 0.98
26.8 0.54 1.41 0.65 0.98
28.6 0.54 1.3 0.65 0.98
30.3 0.54 1.3 0.65 0.98
32.1 0.54 1.2 0.65 0.87
33.9 0.54 1.2 0.54 0.87
35.7 0.54 1.2 0.54 0.87
37.4 0.54 1.09 0.54 0.87
39.2 0.43 1.09 0.54 0.87
41.0 0.43 1.09 0.54 0.76
