0.1 2.5 2.5 2.5 2.5
2.0 2.17 2.5 2.5 2.5
3.8 1.52 2.5 2.07 2.5
5.7 1.3 2.5 1.63 2.17
7.6 1.09 2.07 1.41 1.85
9.4 0.98 1.85 1.2 1.63
11.3 0.87 1.63 1.09 1.52
13.2 0.87 1.52 0.98 1.41
15.0 0.76 1.41 0.87 1.3
16.9 0.76 1.85 0.87 1.3
18.8 0.65 1.74 0.76 1.2
20.6 0.65 1.63 0.76 1.09
22.5 0.65 1.52 0.76 1.09
24.3 0.65 1.52 0.65 1.09
26.2 0.65 1.41 0.65 0.98
28.1 0.54 1.3 0.65 0.98
29.9 0.54 1.3 0.65 0.98
31.8 0.54 1.2 0.65 0.87
33.7 0.54 1.2 0.54 0.87
35.5 0.54 1.2 0.54 0.87
37.4 0.54 1.09 0.54 0.87
39.3 0.54 1.09 0.54 0.87
41.1 0.43 1.09 0.54 0.76
43.0 0.43 0.98 0.54 0.76
