0.1 2.5 2.5 2.5 2.5
2.1 2.07 2.5 2.5 2.5
4.0 1.52 2.5 2.07 2.5
6.0 1.2 2.39 1.63 2.07
7.9 1.09 2.07 1.3 1.85
9.9 0.98 1.74 1.2 1.63
11.8 0.87 1.63 1.09 1.52
13.8 0.87 1.52 0.98 1.41
15.7 0.76 1.41 0.87 1.3
17.7 0.76 1.85 0.87 1.2
19.6 0.65 1.74 0.76 1.2
21.6 0.65 1.63 0.76 1.09
23.5 0.65 1.52 0.76 1.09
25.5 0.65 1.41 0.65 0.98
27.4 0.65 1.41 0.65 0.98
29.4 0.54 1.3 0.65 0.98
31.3 0.54 1.3 0.65 0.87
33.3 0.54 1.2 0.65 0.87
35.2 0.54 1.2 0.54 0.87
37.2 0.54 1.09 0.54 0.87
39.1 0.54 1.09 0.54 0.87
41.1 0.54 1.09 0.54 0.76
43.0 0.43 0.98 0.54 0.76
45.0 0.43 0.98 0.65 0.76
