0.1 2.5 2.5 2.5 2.5
2.1 2.07 2.5 2.5 2.5
4.2 1.52 2.5 1.96 2.5
6.2 1.2 2.39 1.52 2.07
8.3 1.09 1.96 1.3 1.74
10.3 0.98 1.74 1.09 1.63
12.3 0.87 1.52 0.98 1.41
14.4 0.76 1.41 0.98 1.3
16.4 0.76 1.96 0.87 1.3
18.5 0.76 1.74 0.76 1.2
20.5 0.65 1.63 0.76 1.09
22.5 0.65 1.52 0.76 1.09
24.6 0.65 1.52 0.65 1.09
26.6 0.54 1.41 0.65 0.98
28.6 0.54 1.3 0.65 0.98
30.7 0.54 1.3 0.65 0.98
32.7 0.54 1.2 0.65 0.87
34.8 0.54 1.2 0.54 0.87
36.8 0.43 1.09 0.54 0.87
38.8 0.54 1.09 0.54 0.87
40.9 0.54 1.09 0.54 0.76
42.9 0.54 0.98 0.54 0.76
45.0 0.43 0.98 0.65 0.76
47.0 0.43 0.98 0.54 0.76
