0.1 2.5 2.5 2.5 2.5
2.2 2.07 2.5 2.5 2.5
4.4 1.41 2.5 1.96 2.5
6.5 1.2 2.28 1.52 2.07
8.6 0.98 1.96 1.3 1.74
10.7 0.98 1.74 1.09 1.52
12.9 0.87 1.52 0.98 1.41
15.0 0.76 1.41 0.87 1.3
17.1 0.76 1.85 0.87 1.2
19.2 0.65 1.74 0.76 1.2
21.4 0.65 1.63 0.76 1.09
23.5 0.65 1.52 0.76 1.09
25.6 0.65 1.41 0.65 0.98
27.7 0.54 1.41 0.65 0.98
29.9 0.54 1.3 0.65 0.98
32.0 0.54 1.2 0.65 0.87
34.1 0.54 1.2 0.54 0.87
36.2 0.54 1.2 0.54 0.87
38.4 0.43 1.09 0.54 0.87
40.5 0.43 1.09 0.54 0.76
42.6 0.43 1.09 0.54 0.76
44.7 0.43 0.98 0.65 0.76
46.9 0.43 0.98 0.54 0.76
49.0 0.43 0.98 0.54 0.76
