0.1 2.5 2.5 2.5 2.5
2.3 1.96 2.5 2.5 2.5
4.5 1.41 2.5 1.85 2.39
6.7 1.2 2.28 1.41 1.96
9.0 0.98 1.85 1.2 1.74
11.2 0.87 1.63 1.09 1.52
13.4 0.87 1.52 0.98 1.41
15.6 0.76 1.41 0.87 1.3
17.8 0.76 1.85 0.87 1.2
20.0 0.65 1.74 0.76 1.2
22.2 0.65 1.52 0.76 1.09
24.4 0.65 1.52 0.65 1.09
26.7 0.54 1.41 0.65 0.98
28.9 0.54 1.3 0.65 0.98
31.1 0.54 1.3 0.65 0.98
33.3 0.54 1.2 0.65 0.87
35.5 0.54 1.2 0.54 0.87
37.7 0.54 1.09 0.54 0.87
39.9 0.43 1.09 0.54 0.87
42.1 0.43 1.09 0.54 0.76
44.4 0.43 0.98 0.54 0.76
46.6 0.43 0.98 0.54 0.76
48.8 0.43 0.98 0.54 0.76
51.0 0.43 0.98 0.54 0.76
