0.1 2.5 2.5 2.5 2.5
2.4 1.96 2.5 2.5 2.5
4.7 1.41 2.5 1.85 2.39
7.0 1.09 2.17 1.41 1.96
9.3 0.98 1.85 1.2 1.74
11.6 0.87 1.63 1.09 1.52
13.9 0.76 1.52 0.98 1.41
16.2 0.76 1.96 0.87 1.3
18.5 0.76 1.74 0.76 1.2
20.8 0.65 1.63 0.76 1.09
23.1 0.65 1.52 0.76 1.09
25.4 0.65 1.41 0.65 0.98
27.7 0.54 1.41 0.65 0.98
30.0 0.54 1.3 0.65 0.98
32.3 0.54 1.2 0.65 0.87
34.6 0.54 1.2 0.54 0.87
36.9 0.54 1.09 0.54 0.87
39.2 0.54 1.09 0.54 0.87
41.5 0.43 1.09 0.54 0.76
43.8 0.43 0.98 0.54 0.76
46.1 0.43 0.98 0.65 0.76
48.4 0.43 0.98 0.54 0.76
50.7 0.43 0.98 0.54 0.76
53.0 0.43 0.87 0.54 0.76
