0.1 2.5 2.5 2.5 2.5
2.5 1.85 2.5 2.5 2.5
4.9 1.41 2.5 1.74 2.39
7.3 1.09 2.17 1.41 1.96
9.6 0.98 1.85 1.2 1.63
12.0 0.87 1.63 0.98 1.52
14.4 0.76 1.41 0.98 1.3
16.8 0.76 1.85 0.87 1.3
19.2 0.65 1.74 0.76 1.2
21.6 0.65 1.63 0.76 1.09
24.0 0.65 1.52 0.65 1.09
26.4 0.54 1.41 0.65 0.98
28.7 0.54 1.3 0.65 0.98
31.1 0.54 1.3 0.65 0.87
33.5 0.54 1.2 0.54 0.87
35.9 0.54 1.2 0.54 0.87
38.3 0.54 1.09 0.54 0.87
40.7 0.54 1.09 0.54 0.76
43.1 0.43 0.98 0.54 0.76
45.5 0.43 0.98 0.65 0.76
47.8 0.43 0.98 0.54 0.76
50.2 0.43 0.98 0.54 0.76
52.6 0.43 0.87 0.54 0.76
55.0 0.43 0.87 0.54 0.65
