0.1 2.5 2.5 2.5 2.5
2.6 1.85 2.5 2.5 2.5
5.0 1.41 2.5 1.74 2.28
7.5 1.09 2.07 1.41 1.85
10.0 0.98 1.74 1.2 1.63
12.5 0.87 1.52 0.98 1.41
14.9 0.76 1.41 0.87 1.3
17.4 0.76 1.85 0.87 1.2
19.9 0.65 1.74 0.76 1.2
22.4 0.65 1.52 0.76 1.09
24.8 0.65 1.41 0.65 1.09
27.3 0.54 1.41 0.65 0.98
29.8 0.54 1.3 0.65 0.98
32.3 0.54 1.2 0.65 0.87
34.7 0.54 1.2 0.54 0.87
37.2 0.43 1.09 0.54 0.87
39.7 0.43 1.09 0.54 0.87
42.2 0.43 1.09 0.54 0.76
44.6 0.43 0.98 0.65 0.76
47.1 0.43 0.98 0.54 0.76
49.6 0.43 0.98 0.54 0.76
52.1 0.43 0.87 0.54 0.76
54.5 0.43 0.87 0.54 0.65
57.0 0.43 0.87 0.54 0.65
