0.1 2.5 2.5 2.5 2.5
2.7 1.85 2.5 2.5 2.5
5.2 1.3 2.5 1.74 2.28
7.8 1.09 2.07 1.3 1.85
10.3 0.98 1.74 1.09 1.63
12.9 0.87 1.52 0.98 1.41
15.5 0.76 1.41 0.87 1.3
18.0 0.76 1.85 0.87 1.2
20.6 0.65 1.63 0.76 1.09
23.1 0.65 1.52 0.76 1.09
25.7 0.65 1.41 0.65 0.98
28.3 0.54 1.3 0.65 0.98
30.8 0.54 1.3 0.65 0.98
33.4 0.54 1.2 0.65 0.87
36.0 0.54 1.2 0.54 0.87
38.5 0.43 1.09 0.54 0.87
41.1 0.43 1.09 0.54 0.76
43.6 0.43 0.98 0.54 0.76
46.2 0.43 0.98 0.65 0.76
48.8 0.43 0.98 0.54 0.76
51.3 0.43 0.87 0.54 0.76
53.9 0.43 0.87 0.54 0.65
56.4 0.43 0.87 0.54 0.65
59.0 0.43 0.87 0.54 0.65
