0.1 2.5 2.5 2.5 2.5
0.3 2.5 2.5 2.5 2.5
0.5 2.5 2.5 2.5 2.5
0.7 2.5 2.5 2.5 2.5
1.0 2.5 2.5 2.5 2.5
1.2 2.5 2.5 2.5 2.5
1.4 2.5 2.5 2.5 2.5
1.6 2.39 2.5 2.5 2.5
1.8 2.28 2.5 2.5 2.5
2.0 2.07 2.5 2.5 2.5
2.2 1.96 2.5 2.5 2.5
2.4 1.74 2.5 2.5 2.5
2.7 1.52 2.5 2.5 2.5
2.9 1.41 2.5 2.5 2.5
3.1 1.41 2.5 2.39 2.5
3.3 1.3 2.5 2.28 2.5
3.5 1.3 2.5 2.17 2.5
3.7 1.2 2.5 2.07 2.5
3.9 2.5 2.5 2.07 2.5
4.1 2.5 2.5 1.96 2.5
4.4 2.5 2.5 1.96 2.39
4.6 2.5 2.5 1.85 2.28
4.8 2.5 2.5 1.85 2.28
5.0 2.5 2.5 1.74 2.17
