0.1 2.5 2.5 2.5 2.5
2.7 1.85 2.5 2.5 2.5
5.4 1.3 2.5 1.74 2.17
8.0 1.09 2.07 1.3 1.85
10.7 0.98 1.74 1.09 1.52
13.3 0.87 1.52 0.98 1.41
16.0 0.76 1.96 0.87 1.3
18.6 0.65 1.74 0.76 1.2
21.3 0.65 1.63 0.76 1.09
23.9 0.65 1.52 0.65 1.09
26.6 0.54 1.41 0.65 0.98
29.2 0.54 1.3 0.65 0.98
31.9 0.54 1.2 0.65 0.87
34.5 0.54 1.2 0.54 0.87
37.2 0.54 1.09 0.54 0.87
39.8 0.54 1.09 0.54 0.87
42.5 0.43 1.09 0.54 0.76
45.1 0.43 0.98 0.65 0.76
47.8 0.43 0.98 0.54 0.76
50.4 0.43 0.98 0.54 0.76
53.1 0.43 0.87 0.54 0.76
55.7 0.43 0.87 0.54 0.65
58.4 0.43 0.87 0.54 0.65
61.0 0.33 0.87 0.54 0.65
