0.1 2.5 2.5 2.5 2.5
2.8 1.85 2.5 2.5 2.5
5.6 1.3 2.5 1.63 2.17
8.3 1.09 1.96 1.3 1.74
11.0 0.87 1.63 1.09 1.52
13.8 0.87 1.52 0.98 1.41
16.5 0.76 1.96 0.87 1.3
19.2 0.65 1.74 0.76 1.2
22.0 0.65 1.63 0.76 1.09
24.7 0.65 1.52 0.65 1.09
27.4 0.54 1.41 0.65 0.98
30.2 0.54 1.3 0.65 0.98
32.9 0.54 1.2 0.65 0.87
35.7 0.54 1.2 0.54 0.87
38.4 0.54 1.09 0.54 0.87
41.1 0.54 1.09 0.54 0.76
43.9 0.43 0.98 0.54 0.76
46.6 0.43 0.98 0.54 0.76
49.3 0.43 0.98 0.54 0.76
52.1 0.43 0.87 0.54 0.76
54.8 0.43 0.87 0.54 0.65
57.5 0.43 0.87 0.54 0.65
60.3 0.33 0.87 0.54 0.65
63.0 0.33 0.87 0.54 0.65
