0.1 2.5 2.5 2.5 2.5
2.9 1.74 2.5 2.5 2.5
5.7 1.3 2.5 1.63 2.17
8.6 0.98 1.96 1.3 1.74
11.4 0.87 1.63 1.09 1.52
14.2 0.76 1.41 0.98 1.41
17.0 0.76 1.85 0.87 1.2
19.9 0.65 1.74 0.76 1.2
22.7 0.65 1.52 0.76 1.09
25.5 0.65 1.41 0.65 0.98
28.3 0.54 1.3 0.65 0.98
31.1 0.54 1.3 0.65 0.87
34.0 0.54 1.2 0.54 0.87
36.8 0.54 1.09 0.54 0.87
39.6 0.43 1.09 0.54 0.87
42.4 0.43 1.09 0.54 0.76
45.2 0.43 0.98 0.65 0.76
48.1 0.43 0.98 0.54 0.76
50.9 0.43 0.98 0.54 0.76
53.7 0.43 0.87 0.54 0.65
56.5 0.43 0.87 0.54 0.65
59.4 0.43 0.87 0.54 0.65
62.2 0.33 0.87 0.54 0.65
65.0 0.33 0.76 0.54 0.65
