0.1 2.5 2.5 2.5 2.5
3.0 1.74 2.5 2.39 2.5
5.9 1.2 2.39 1.63 2.07
8.8 0.98 1.96 1.2 1.74
11.7 0.87 1.63 1.09 1.52
14.6 0.76 1.41 0.87 1.3
17.6 0.76 1.85 0.87 1.2
20.5 0.65 1.63 0.76 1.09
23.4 0.65 1.52 0.76 1.09
26.3 0.54 1.41 0.65 0.98
29.2 0.54 1.3 0.65 0.98
32.1 0.54 1.2 0.65 0.87
35.0 0.54 1.2 0.54 0.87
37.9 0.54 1.09 0.54 0.87
40.8 0.43 1.09 0.54 0.76
43.7 0.43 0.98 0.54 0.76
46.6 0.43 0.98 0.54 0.76
49.5 0.43 0.98 0.54 0.76
52.5 0.43 0.87 0.54 0.76
55.4 0.43 0.87 0.54 0.65
58.3 0.43 0.87 0.54 0.65
61.2 0.43 0.87 0.54 0.65
64.1 0.43 0.76 0.54 0.65
67.0 0.33 0.76 0.54 0.65
