0.1 2.5 2.5 2.5 2.5
3.1 1.74 2.5 2.39 2.5
6.1 1.2 2.39 1.52 2.07
9.1 0.98 1.85 1.2 1.74
12.1 0.87 1.63 0.98 1.52
15.1 0.76 1.41 0.87 1.3
18.1 0.76 1.85 0.87 1.2
21.1 0.65 1.63 0.76 1.09
24.1 0.65 1.52 0.65 1.09
27.1 0.54 1.41 0.65 0.98
30.1 0.54 1.3 0.65 0.98
33.1 0.54 1.2 0.65 0.87
36.0 0.54 1.2 0.54 0.87
39.0 0.54 1.09 0.54 0.87
42.0 0.43 1.09 0.54 0.76
45.0 0.43 0.98 0.65 0.76
48.0 0.43 0.98 0.54 0.76
51.0 0.43 0.98 0.54 0.76
54.0 0.43 0.87 0.54 0.65
57.0 0.43 0.87 0.54 0.65
60.0 0.43 0.87 0.54 0.65
63.0 0.43 0.87 0.54 0.65
66.0 0.33 0.76 0.54 0.65
69.0 0.33 0.76 0.43 0.65
