0.1 2.5 2.5 2.5 2.5
3.2 1.74 2.5 2.28 2.5
6.3 1.2 2.39 1.52 2.07
9.3 0.98 1.85 1.2 1.63
12.4 0.87 1.52 0.98 1.41
15.5 0.76 1.41 0.87 1.3
18.6 0.65 1.74 0.76 1.2
21.7 0.65 1.63 0.76 1.09
24.8 0.65 1.41 0.65 1.09
27.8 0.54 1.3 0.65 0.98
30.9 0.54 1.3 0.65 0.98
34.0 0.54 1.2 0.54 0.87
37.1 0.54 1.09 0.54 0.87
40.2 0.43 1.09 0.54 0.76
43.3 0.43 0.98 0.54 0.76
46.3 0.43 0.98 0.54 0.76
49.4 0.43 0.98 0.54 0.76
52.5 0.43 0.87 0.54 0.76
55.6 0.43 0.87 0.54 0.65
58.7 0.43 0.87 0.54 0.65
61.8 0.43 0.87 0.54 0.65
64.8 0.43 0.76 0.54 0.65
67.9 0.43 0.76 0.54 0.65
71.0 0.33 0.76 0.43 0.65
