0.1 2.5 2.5 2.5 2.5
0.4 2.5 2.5 2.5 2.5
0.7 2.5 2.5 2.5 2.5
1.0 2.5 2.5 2.5 2.5
1.3 2.5 2.5 2.5 2.5
1.6 2.39 2.5 2.5 2.5
1.9 2.28 2.5 2.5 2.5
2.2 2.07 2.5 2.5 2.5
2.5 1.96 2.5 2.5 2.5
2.8 1.85 2.5 2.5 2.5
3.1 1.74 2.5 2.39 2.5
3.4 1.63 2.5 2.28 2.5
3.7 1.52 2.5 2.07 2.5
4.0 1.41 2.5 2.07 2.5
4.3 1.3 2.5 1.96 2.5
4.6 1.2 2.5 1.85 2.39
4.9 1.2 2.5 1.74 2.39
5.2 1.09 2.5 1.74 2.28
5.5 1.09 2.5 1.63 2.17
5.8 2.5 2.5 1.63 2.17
6.1 2.5 2.39 1.52 2.07
6.4 2.39 2.28 1.52 2.07
6.7 2.39 2.17 1.52 1.96
7.0 2.28 2.17 1.41 1.96
