0.1 2.5 2.5 2.5 2.5
0.5 2.5 2.5 2.5 2.5
0.9 2.5 2.5 2.5 2.5
1.3 2.5 2.5 2.5 2.5
1.6 2.39 2.5 2.5 2.5
2.0 2.17 2.5 2.5 2.5
2.4 1.96 2.5 2.5 2.5
2.8 1.74 2.5 2.5 2.5
3.2 1.74 2.5 2.28 2.5
3.6 1.63 2.5 2.17 2.5
4.0 1.63 2.5 2.07 2.5
4.4 1.52 2.5 1.96 2.5
4.7 1.41 2.5 1.85 2.39
5.1 1.3 2.5 1.74 2.28
5.5 1.2 2.5 1.63 2.17
5.9 1.09 2.39 1.63 2.17
6.3 1.09 2.39 1.52 2.07
6.7 1.09 2.28 1.52 1.96
7.1 0.98 2.17 1.41 1.96
7.5 2.28 2.17 1.41 1.96
7.8 2.17 2.07 1.3 1.85
8.2 2.07 1.96 1.3 1.85
8.6 0.87 1.96 1.3 1.74
9.0 0.87 1.85 1.2 1.74
