-1.095e-03 3.121e-01 3.143e-01 1.155e+00 1.157e+00 2.260e+00 2.262e+00 3.274e+00 3.277e+00 3.878e+00 3.880e+00
-2.215e-03 3.068e-01 3.111e-01 1.141e+00 1.146e+00 2.235e+00 2.239e+00 3.239e+00 3.244e+00 3.836e+00 3.841e+00
-3.362e-03 3.014e-01 3.080e-01 1.128e+00 1.134e+00 2.210e+00 2.216e+00 3.204e+00 3.210e+00 3.795e+00 3.801e+00
-4.536e-03 2.961e-01 3.048e-01 1.114e+00 1.122e+00 2.185e+00 2.193e+00 3.169e+00 3.177e+00 3.754e+00 3.762e+00
-5.740e-03 2.907e-01 3.016e-01 1.100e+00 1.111e+00 2.160e+00 2.170e+00 3.133e+00 3.144e+00 3.713e+00 3.723e+00
-6.974e-03 2.853e-01 2.984e-01 1.086e+00 1.099e+00 2.135e+00 2.148e+00 3.098e+00 3.111e+00 3.671e+00 3.684e+00
-8.242e-03 2.800e-01 2.953e-01 1.072e+00 1.087e+00 2.110e+00 2.125e+00 3.063e+00 3.078e+00 3.630e+00 3.645e+00
-9.546e-03 2.746e-01 2.921e-01 1.058e+00 1.076e+00 2.085e+00 2.102e+00 3.028e+00 3.045e+00 3.589e+00 3.605e+00
-1.089e-02 2.692e-01 2.889e-01 1.044e+00 1.064e+00 2.060e+00 2.079e+00 2.993e+00 3.012e+00 3.548e+00 3.566e+00
-1.227e-02 2.638e-01 2.857e-01 1.031e+00 1.052e+00 2.035e+00 2.056e+00 2.957e+00 2.979e+00 3.507e+00 3.527e+00
-1.369e-02 2.584e-01 2.826e-01 1.017e+00 1.041e+00 2.010e+00 2.033e+00 2.922e+00 2.946e+00 3.466e+00 3.488e+00
-1.516e-02 2.530e-01 2.794e-01 1.003e+00 1.029e+00 1.985e+00 2.010e+00 2.887e+00 2.913e+00 3.425e+00 3.449e+00
-1.667e-02 2.476e-01 2.762e-01 9.890e-01 1.017e+00 1.960e+00 1.988e+00 2.852e+00 2.879e+00 3.384e+00 3.410e+00
-1.824e-02 2.422e-01 2.730e-01 9.751e-01 1.005e+00 1.935e+00 1.965e+00 2.816e+00 2.846e+00 3.343e+00 3.370e+00
-1.986e-02 2.368e-01 2.699e-01 9.613e-01 9.938e-01 1.910e+00 1.942e+00 2.781e+00 2.813e+00 3.302e+00 3.331e+00
-2.155e-02 2.314e-01 2.667e-01 9.474e-01 9.821e-01 1.885e+00 1.919e+00 2.746e+00 2.780e+00 3.261e+00 3.292e+00
-2.329e-02 2.261e-01 2.635e-01 9.336e-01 9.704e-01 1.860e+00 1.896e+00 2.711e+00 2.747e+00 3.220e+00 3.253e+00
-2.510e-02 2.207e-01 2.603e-01 9.197e-01 9.587e-01 1.835e+00 1.873e+00 2.676e+00 2.714e+00 3.180e+00 3.214e+00
-2.698e-02 2.153e-01 2.572e-01 9.059e-01 9.470e-01 1.810e+00 1.851e+00 2.641e+00 2.681e+00 3.139e+00 3.174e+00
-2.894e-02 2.100e-01 2.540e-01 8.921e-01 9.353e-01 1.785e+00 1.828e+00 2.606e+00 2.648e+00 3.098e+00 3.135e+00
-3.098e-02 2.046e-01 2.508e-01 8.783e-01 9.236e-01 1.760e+00 1.805e+00 2.570e+00 2.615e+00 3.058e+00 3.096e+00
-3.311e-02 1.993e-01 2.476e-01 8.644e-01 9.120e-01 1.735e+00 1.782e+00 2.535e+00 2.582e+00 3.017e+00 3.057e+00
-3.533e-02 1.940e-01 2.445e-01 8.506e-01 9.003e-01 1.710e+00 1.759e+00 2.500e+00 2.548e+00 2.976e+00 3.018e+00
-3.765e-02 1.887e-01 2.413e-01 8.368e-01 8.886e-01 1.685e+00 1.736e+00 2.465e+00 2.515e+00 2.936e+00 2.978e+00
-4.008e-02 1.835e-01 2.381e-01 8.231e-01 8.769e-01 1.660e+00 1.713e+00 2.430e+00 2.482e+00 2.895e+00 2.939e+00
-4.263e-02 1.782e-01 2.349e-01 8.093e-01 8.652e-01 1.635e+00 1.691e+00 2.395e+00 2.449e+00 2.855e+00 2.900e+00
-4.530e-02 1.730e-01 2.318e-01 7.955e-01 8.535e-01 1.610e+00 1.668e+00 2.360e+00 2.416e+00 2.814e+00 2.861e+00
-4.810e-02 1.679e-01 2.286e-01 7.818e-01 8.418e-01 1.585e+00 1.645e+00 2.325e+00 2.383e+00 2.774e+00 2.822e+00
-5.104e-02 1.628e-01 2.254e-01 7.680e-01 8.301e-01 1.561e+00 1.622e+00 2.290e+00 2.350e+00 2.734e+00 2.782e+00
-5.413e-02 1.577e-01 2.222e-01 7.543e-01 8.184e-01 1.536e+00 1.599e+00 2.255e+00 2.317e+00 2.693e+00 2.743e+00
-5.739e-02 1.527e-01 2.191e-01 7.406e-01 8.067e-01 1.511e+00 1.576e+00 2.220e+00 2.284e+00 2.653e+00 2.704e+00
-6.081e-02 1.478e-01 2.159e-01 7.269e-01 7.950e-01 1.486e+00 1.554e+00 2.186e+00 2.251e+00 2.613e+00 2.665e+00
-6.442e-02 1.429e-01 2.127e-01 7.133e-01 7.833e-01 1.461e+00 1.531e+00 2.151e+00 2.218e+00 2.573e+00 2.626e+00
-6.822e-02 1.381e-01 2.095e-01 6.997e-01 7.717e-01 1.437e+00 1.508e+00 2.116e+00 2.184e+00 2.533e+00 2.587e+00
-7.223e-02 1.333e-01 2.064e-01 6.860e-01 7.600e-01 1.412e+00 1.485e+00 2.081e+00 2.151e+00 2.493e+00 2.547e+00
-7.645e-02 1.287e-01 2.032e-01 6.725e-01 7.483e-01 1.387e+00 1.462e+00 2.046e+00 2.118e+00 2.453e+00 2.508e+00
-8.091e-02 1.241e-01 2.000e-01 6.589e-01 7.366e-01 1.362e+00 1.439e+00 2.012e+00 2.085e+00 2.413e+00 2.469e+00
-8.561e-02 1.196e-01 1.968e-01 6.454e-01 7.249e-01 1.338e+00 1.416e+00 1.977e+00 2.052e+00 2.373e+00 2.430e+00
-9.056e-02 1.153e-01 1.937e-01 6.319e-01 7.132e-01 1.313e+00 1.394e+00 1.942e+00 2.019e+00 2.333e+00 2.391e+00
-9.578e-02 1.110e-01 1.905e-01 6.185e-01 7.015e-01 1.289e+00 1.371e+00 1.908e+00 1.986e+00 2.293e+00 2.351e+00
-1.013e-01 1.068e-01 1.873e-01 6.051e-01 6.898e-01 1.264e+00 1.348e+00 1.873e+00 1.953e+00 2.253e+00 2.312e+00
-1.071e-01 1.028e-01 1.841e-01 5.917e-01 6.781e-01 1.239e+00 1.325e+00 1.839e+00 1.920e+00 2.214e+00 2.273e+00
-1.132e-01 9.882e-02 1.810e-01 5.784e-01 6.664e-01 1.215e+00 1.302e+00 1.804e+00 1.887e+00 2.174e+00 2.234e+00
-1.196e-01 9.500e-02 1.778e-01 5.652e-01 6.547e-01 1.191e+00 1.279e+00 1.770e+00 1.853e+00 2.135e+00 2.195e+00
-1.263e-01 9.129e-02 1.746e-01 5.520e-01 6.430e-01 1.166e+00 1.257e+00 1.736e+00 1.820e+00 2.095e+00 2.155e+00
-1.334e-01 8.770e-02 1.714e-01 5.388e-01 6.314e-01 1.142e+00 1.234e+00 1.701e+00 1.787e+00 2.055e+00 2.116e+00
-1.408e-01 8.424e-02 1.683e-01 5.258e-01 6.197e-01 1.118e+00 1.211e+00 1.667e+00 1.754e+00 2.016e+00 2.077e+00
-1.486e-01 8.089e-02 1.651e-01 5.128e-01 6.080e-01 1.093e+00 1.188e+00 1.633e+00 1.721e+00 1.977e+00 2.038e+00
-1.567e-01 7.766e-02 1.619e-01 4.998e-01 5.963e-01 1.069e+00 1.165e+00 1.599e+00 1.688e+00 1.937e+00 1.999e+00
-1.652e-01 7.455e-02 1.587e-01 4.870e-01 5.846e-01 1.045e+00 1.142e+00 1.565e+00 1.655e+00 1.898e+00 1.959e+00
-1.741e-01 7.156e-02 1.556e-01 4.742e-01 5.729e-01 1.021e+00 1.119e+00 1.531e+00 1.622e+00 1.859e+00 1.920e+00
-1.834e-01 6.867e-02 1.524e-01 4.615e-01 5.612e-01 9.970e-01 1.097e+00 1.497e+00 1.589e+00 1.820e+00 1.881e+00
-1.932e-01 6.590e-02 1.492e-01 4.489e-01 5.495e-01 9.731e-01 1.074e+00 1.463e+00 1.556e+00 1.780e+00 1.842e+00
-2.033e-01 6.323e-02 1.460e-01 4.364e-01 5.378e-01 9.492e-01 1.051e+00 1.430e+00 1.522e+00 1.741e+00 1.803e+00
-2.138e-01 6.067e-02 1.429e-01 4.240e-01 5.261e-01 9.255e-01 1.028e+00 1.396e+00 1.489e+00 1.702e+00 1.764e+00
-2.248e-01 5.820e-02 1.397e-01 4.117e-01 5.144e-01 9.018e-01 1.005e+00 1.362e+00 1.456e+00 1.663e+00 1.724e+00
-2.362e-01 5.582e-02 1.365e-01 3.995e-01 5.027e-01 8.783e-01 9.824e-01 1.329e+00 1.423e+00 1.625e+00 1.685e+00
-2.480e-01 5.354e-02 1.333e-01 3.874e-01 4.911e-01 8.548e-01 9.595e-01 1.295e+00 1.390e+00 1.586e+00 1.646e+00
-2.603e-01 5.135e-02 1.302e-01 3.754e-01 4.794e-01 8.314e-01 9.367e-01 1.262e+00 1.357e+00 1.547e+00 1.607e+00
-2.731e-01 4.923e-02 1.270e-01 3.636e-01 4.677e-01 8.081e-01 9.139e-01 1.229e+00 1.324e+00 1.508e+00 1.568e+00
-2.863e-01 4.719e-02 1.238e-01 3.518e-01 4.560e-01 7.850e-01 8.910e-01 1.196e+00 1.291e+00 1.469e+00 1.528e+00
-3.000e-01 4.523e-02 1.206e-01 3.403e-01 4.443e-01 7.620e-01 8.682e-01 1.163e+00 1.258e+00 1.431e+00 1.489e+00
-3.142e-01 4.334e-02 1.175e-01 3.288e-01 4.326e-01 7.390e-01 8.453e-01 1.130e+00 1.225e+00 1.392e+00 1.450e+00
-3.289e-01 4.151e-02 1.143e-01 3.175e-01 4.209e-01 7.162e-01 8.225e-01 1.097e+00 1.191e+00 1.354e+00 1.411e+00
-3.440e-01 3.975e-02 1.111e-01 3.063e-01 4.092e-01 6.936e-01 7.996e-01 1.065e+00 1.158e+00 1.315e+00 1.372e+00
-3.597e-01 3.805e-02 1.079e-01 2.953e-01 3.975e-01 6.710e-01 7.768e-01 1.032e+00 1.125e+00 1.277e+00 1.332e+00
-3.759e-01 3.640e-02 1.048e-01 2.844e-01 3.858e-01 6.486e-01 7.539e-01 9.996e-01 1.092e+00 1.238e+00 1.293e+00
-3.926e-01 3.481e-02 1.016e-01 2.736e-01 3.741e-01 6.264e-01 7.311e-01 9.673e-01 1.059e+00 1.200e+00 1.254e+00
-4.098e-01 3.326e-02 9.842e-02 2.630e-01 3.624e-01 6.043e-01 7.082e-01 9.351e-01 1.026e+00 1.162e+00 1.215e+00
-4.275e-01 3.177e-02 9.525e-02 2.526e-01 3.508e-01 5.823e-01 6.854e-01 9.030e-01 9.929e-01 1.124e+00 1.176e+00
-4.458e-01 3.032e-02 9.207e-02 2.423e-01 3.391e-01 5.605e-01 6.625e-01 8.711e-01 9.598e-01 1.086e+00 1.137e+00
-4.646e-01 2.891e-02 8.890e-02 2.321e-01 3.274e-01 5.389e-01 6.397e-01 8.392e-01 9.267e-01 1.047e+00 1.097e+00
-4.839e-01 2.754e-02 8.572e-02 2.221e-01 3.157e-01 5.174e-01 6.169e-01 8.075e-01 8.936e-01 1.009e+00 1.058e+00
-5.037e-01 2.621e-02 8.255e-02 2.123e-01 3.040e-01 4.961e-01 5.940e-01 7.759e-01 8.605e-01 9.714e-01 1.019e+00
-5.241e-01 2.491e-02 7.937e-02 2.025e-01 2.923e-01 4.749e-01 5.712e-01 7.445e-01 8.274e-01 9.335e-01 9.797e-01
-5.450e-01 2.365e-02 7.620e-02 1.930e-01 2.806e-01 4.539e-01 5.483e-01 7.132e-01 7.943e-01 8.956e-01 9.406e-01
-5.664e-01 2.242e-02 7.302e-02 1.836e-01 2.689e-01 4.331e-01 5.255e-01 6.820e-01 7.612e-01 8.577e-01 9.014e-01
-5.884e-01 2.122e-02 6.985e-02 1.743e-01 2.572e-01 4.125e-01 5.026e-01 6.509e-01 7.281e-01 8.199e-01 8.622e-01
-6.108e-01 2.005e-02 6.667e-02 1.651e-01 2.455e-01 3.920e-01 4.798e-01 6.200e-01 6.950e-01 7.822e-01 8.230e-01
-6.338e-01 1.890e-02 6.350e-02 1.561e-01 2.338e-01 3.717e-01 4.569e-01 5.892e-01 6.619e-01 7.445e-01 7.838e-01
-6.573e-01 1.778e-02 6.032e-02 1.473e-01 2.221e-01 3.516e-01 4.341e-01 5.586e-01 6.288e-01 7.069e-01 7.446e-01
-6.814e-01 1.669e-02 5.715e-02 1.385e-01 2.105e-01 3.317e-01 4.112e-01 5.280e-01 5.957e-01 6.693e-01 7.054e-01
-7.059e-01 1.562e-02 5.397e-02 1.299e-01 1.988e-01 3.119e-01 3.884e-01 4.977e-01 5.627e-01 6.317e-01 6.662e-01
-7.309e-01 1.457e-02 5.080e-02 1.215e-01 1.871e-01 2.923e-01 3.655e-01 4.674e-01 5.296e-01 5.942e-01 6.270e-01
-7.564e-01 1.354e-02 4.762e-02 1.131e-01 1.754e-01 2.728e-01 3.427e-01 4.373e-01 4.965e-01 5.568e-01 5.878e-01
-7.824e-01 1.253e-02 4.445e-02 1.049e-01 1.637e-01 2.536e-01 3.198e-01 4.073e-01 4.634e-01 5.193e-01 5.487e-01
-8.088e-01 1.154e-02 4.127e-02 9.673e-02 1.520e-01 2.345e-01 2.970e-01 3.774e-01 4.303e-01 4.820e-01 5.095e-01
-8.358e-01 1.056e-02 3.810e-02 8.871e-02 1.403e-01 2.155e-01 2.742e-01 3.476e-01 3.972e-01 4.447e-01 4.703e-01
-8.631e-01 9.607e-03 3.492e-02 8.081e-02 1.286e-01 1.968e-01 2.513e-01 3.180e-01 3.641e-01 4.074e-01 4.311e-01
-8.910e-01 8.666e-03 3.175e-02 7.300e-02 1.169e-01 1.781e-01 2.285e-01 2.885e-01 3.310e-01 3.701e-01 3.919e-01
-9.192e-01 7.742e-03 2.857e-02 6.530e-02 1.052e-01 1.597e-01 2.056e-01 2.592e-01 2.979e-01 3.330e-01 3.527e-01
-9.479e-01 6.831e-03 2.540e-02 5.770e-02 9.353e-02 1.414e-01 1.828e-01 2.299e-01 2.648e-01 2.958e-01 3.135e-01
-9.770e-01 5.935e-03 2.222e-02 5.019e-02 8.184e-02 1.232e-01 1.599e-01 2.008e-01 2.317e-01 2.587e-01 2.743e-01
-1.007e+00 5.052e-03 1.905e-02 4.277e-02 7.015e-02 1.052e-01 1.371e-01 1.718e-01 1.986e-01 2.216e-01 2.351e-01
-1.036e+00 4.181e-03 1.587e-02 3.544e-02 5.846e-02 8.734e-02 1.142e-01 1.429e-01 1.655e-01 1.846e-01 1.959e-01
-1.067e+00 3.323e-03 1.270e-02 2.820e-02 4.677e-02 6.961e-02 9.139e-02 1.141e-01 1.324e-01 1.476e-01 1.568e-01
-1.097e+00 2.476e-03 9.525e-03 2.103e-02 3.508e-02 5.202e-02 6.854e-02 8.539e-02 9.929e-02 1.106e-01 1.176e-01
-1.128e+00 1.640e-03 6.350e-03 1.395e-02 2.338e-02 3.455e-02 4.569e-02 5.682e-02 6.619e-02 7.372e-02 7.838e-02
-1.160e+00 8.151e-04 3.175e-03 6.938e-03 1.169e-02 1.721e-02 2.285e-02 2.836e-02 3.310e-02 3.684e-02 3.919e-02
-1.192e+00 -6.966e-15 -6.540e-15 -5.882e-15 -5.019e-15 -4.049e-15 -3.026e-15 -2.061e-15 -1.255e-15 -5.654e-16 -1.396e-16
