-6.903e-04 1.698e-01 1.712e-01 6.538e-01 6.551e-01 1.367e+00 1.368e+00 2.186e+00 2.187e+00 2.969e+00 2.970e+00 3.580e+00 3.582e+00 3.915e+00 3.917e+00
-1.399e-03 1.667e-01 1.695e-01 6.458e-01 6.485e-01 1.352e+00 1.354e+00 2.162e+00 2.165e+00 2.937e+00 2.940e+00 3.543e+00 3.546e+00 3.874e+00 3.877e+00
-2.127e-03 1.636e-01 1.677e-01 6.378e-01 6.419e-01 1.336e+00 1.341e+00 2.139e+00 2.143e+00 2.906e+00 2.910e+00 3.505e+00 3.509e+00 3.834e+00 3.838e+00
-2.876e-03 1.605e-01 1.660e-01 6.298e-01 6.353e-01 1.321e+00 1.327e+00 2.115e+00 2.121e+00 2.875e+00 2.880e+00 3.468e+00 3.473e+00 3.793e+00 3.798e+00
-3.648e-03 1.574e-01 1.643e-01 6.218e-01 6.287e-01 1.306e+00 1.313e+00 2.092e+00 2.099e+00 2.843e+00 2.850e+00 3.430e+00 3.437e+00 3.752e+00 3.758e+00
-4.443e-03 1.543e-01 1.625e-01 6.138e-01 6.220e-01 1.291e+00 1.299e+00 2.068e+00 2.077e+00 2.812e+00 2.820e+00 3.393e+00 3.401e+00 3.711e+00 3.719e+00
-5.263e-03 1.512e-01 1.608e-01 6.059e-01 6.154e-01 1.276e+00 1.285e+00 2.045e+00 2.054e+00 2.780e+00 2.790e+00 3.355e+00 3.365e+00 3.670e+00 3.679e+00
-6.110e-03 1.480e-01 1.591e-01 5.979e-01 6.088e-01 1.261e+00 1.271e+00 2.021e+00 2.032e+00 2.749e+00 2.760e+00 3.318e+00 3.329e+00 3.630e+00 3.640e+00
-6.986e-03 1.449e-01 1.573e-01 5.899e-01 6.022e-01 1.245e+00 1.258e+00 1.998e+00 2.010e+00 2.718e+00 2.730e+00 3.280e+00 3.292e+00 3.589e+00 3.600e+00
-7.893e-03 1.418e-01 1.556e-01 5.819e-01 5.956e-01 1.230e+00 1.244e+00 1.975e+00 1.988e+00 2.686e+00 2.700e+00 3.243e+00 3.256e+00 3.548e+00 3.561e+00
-8.833e-03 1.386e-01 1.539e-01 5.739e-01 5.889e-01 1.215e+00 1.230e+00 1.951e+00 1.966e+00 2.655e+00 2.670e+00 3.205e+00 3.220e+00 3.507e+00 3.521e+00
-9.808e-03 1.355e-01 1.522e-01 5.659e-01 5.823e-01 1.200e+00 1.216e+00 1.928e+00 1.944e+00 2.624e+00 2.640e+00 3.168e+00 3.184e+00 3.467e+00 3.482e+00
-1.082e-02 1.324e-01 1.504e-01 5.579e-01 5.757e-01 1.185e+00 1.202e+00 1.904e+00 1.922e+00 2.592e+00 2.610e+00 3.130e+00 3.148e+00 3.426e+00 3.442e+00
-1.187e-02 1.293e-01 1.487e-01 5.500e-01 5.691e-01 1.169e+00 1.188e+00 1.881e+00 1.900e+00 2.561e+00 2.580e+00 3.093e+00 3.112e+00 3.386e+00 3.402e+00
-1.297e-02 1.261e-01 1.470e-01 5.420e-01 5.625e-01 1.154e+00 1.175e+00 1.857e+00 1.878e+00 2.530e+00 2.550e+00 3.055e+00 3.075e+00 3.345e+00 3.363e+00
-1.412e-02 1.230e-01 1.452e-01 5.340e-01 5.559e-01 1.139e+00 1.161e+00 1.834e+00 1.856e+00 2.498e+00 2.520e+00 3.018e+00 3.039e+00 3.304e+00 3.323e+00
-1.531e-02 1.199e-01 1.435e-01 5.260e-01 5.492e-01 1.124e+00 1.147e+00 1.810e+00 1.834e+00 2.467e+00 2.490e+00 2.980e+00 3.003e+00 3.264e+00 3.284e+00
-1.656e-02 1.168e-01 1.418e-01 5.181e-01 5.426e-01 1.109e+00 1.133e+00 1.787e+00 1.811e+00 2.436e+00 2.460e+00 2.943e+00 2.967e+00 3.223e+00 3.244e+00
-1.786e-02 1.137e-01 1.401e-01 5.101e-01 5.360e-01 1.094e+00 1.119e+00 1.764e+00 1.789e+00 2.404e+00 2.430e+00 2.905e+00 2.931e+00 3.183e+00 3.205e+00
-1.923e-02 1.106e-01 1.383e-01 5.021e-01 5.294e-01 1.078e+00 1.106e+00 1.740e+00 1.767e+00 2.373e+00 2.400e+00 2.868e+00 2.894e+00 3.142e+00 3.165e+00
-2.067e-02 1.075e-01 1.366e-01 4.942e-01 5.228e-01 1.063e+00 1.092e+00 1.717e+00 1.745e+00 2.342e+00 2.370e+00 2.831e+00 2.858e+00 3.102e+00 3.125e+00
-2.217e-02 1.045e-01 1.349e-01 4.862e-01 5.162e-01 1.048e+00 1.078e+00 1.693e+00 1.723e+00 2.310e+00 2.340e+00 2.793e+00 2.822e+00 3.062e+00 3.086e+00
-2.376e-02 1.014e-01 1.331e-01 4.782e-01 5.095e-01 1.033e+00 1.064e+00 1.670e+00 1.701e+00 2.279e+00 2.310e+00 2.756e+00 2.786e+00 3.021e+00 3.046e+00
-2.543e-02 9.843e-02 1.314e-01 4.703e-01 5.029e-01 1.018e+00 1.050e+00 1.646e+00 1.679e+00 2.248e+00 2.280e+00 2.718e+00 2.750e+00 2.981e+00 3.007e+00
-2.718e-02 9.543e-02 1.297e-01 4.624e-01 4.963e-01 1.003e+00 1.036e+00 1.623e+00 1.657e+00 2.217e+00 2.250e+00 2.681e+00 2.714e+00 2.941e+00 2.967e+00
-2.904e-02 9.247e-02 1.280e-01 4.544e-01 4.897e-01 9.875e-01 1.023e+00 1.600e+00 1.635e+00 2.185e+00 2.220e+00 2.644e+00 2.677e+00 2.900e+00 2.928e+00
-3.099e-02 8.953e-02 1.262e-01 4.465e-01 4.831e-01 9.724e-01 1.009e+00 1.576e+00 1.613e+00 2.154e+00 2.190e+00 2.606e+00 2.641e+00 2.860e+00 2.888e+00
-3.306e-02 8.662e-02 1.245e-01 4.386e-01 4.765e-01 9.572e-01 9.950e-01 1.553e+00 1.591e+00 2.123e+00 2.160e+00 2.569e+00 2.605e+00 2.820e+00 2.849e+00
-3.524e-02 8.376e-02 1.228e-01 4.307e-01 4.698e-01 9.421e-01 9.812e-01 1.530e+00 1.568e+00 2.092e+00 2.130e+00 2.532e+00 2.569e+00 2.780e+00 2.809e+00
-3.755e-02 8.093e-02 1.210e-01 4.228e-01 4.632e-01 9.270e-01 9.674e-01 1.506e+00 1.546e+00 2.060e+00 2.100e+00 2.494e+00 2.533e+00 2.739e+00 2.769e+00
-3.999e-02 7.815e-02 1.193e-01 4.149e-01 4.566e-01 9.119e-01 9.536e-01 1.483e+00 1.524e+00 2.029e+00 2.070e+00 2.457e+00 2.496e+00 2.699e+00 2.730e+00
-4.257e-02 7.542e-02 1.176e-01 4.070e-01 4.500e-01 8.968e-01 9.397e-01 1.459e+00 1.502e+00 1.998e+00 2.040e+00 2.420e+00 2.460e+00 2.659e+00 2.690e+00
-4.531e-02 7.274e-02 1.158e-01 3.992e-01 4.434e-01 8.817e-01 9.259e-01 1.436e+00 1.480e+00 1.967e+00 2.010e+00 2.383e+00 2.424e+00 2.619e+00 2.651e+00
-4.820e-02 7.012e-02 1.141e-01 3.913e-01 4.367e-01 8.666e-01 9.121e-01 1.413e+00 1.458e+00 1.935e+00 1.980e+00 2.345e+00 2.388e+00 2.579e+00 2.611e+00
-5.126e-02 6.756e-02 1.124e-01 3.835e-01 4.301e-01 8.516e-01 8.983e-01 1.389e+00 1.436e+00 1.904e+00 1.950e+00 2.308e+00 2.352e+00 2.539e+00 2.572e+00
-5.450e-02 6.506e-02 1.107e-01 3.757e-01 4.235e-01 8.365e-01 8.845e-01 1.366e+00 1.414e+00 1.873e+00 1.920e+00 2.271e+00 2.316e+00 2.499e+00 2.532e+00
-5.792e-02 6.262e-02 1.089e-01 3.680e-01 4.169e-01 8.215e-01 8.706e-01 1.343e+00 1.392e+00 1.842e+00 1.890e+00 2.234e+00 2.279e+00 2.459e+00 2.492e+00
-6.154e-02 6.026e-02 1.072e-01 3.602e-01 4.103e-01 8.065e-01 8.568e-01 1.320e+00 1.370e+00 1.811e+00 1.860e+00 2.197e+00 2.243e+00 2.419e+00 2.453e+00
-6.537e-02 5.796e-02 1.055e-01 3.525e-01 4.037e-01 7.914e-01 8.430e-01 1.296e+00 1.348e+00 1.780e+00 1.830e+00 2.160e+00 2.207e+00 2.379e+00 2.413e+00
-6.940e-02 5.573e-02 1.037e-01 3.448e-01 3.970e-01 7.765e-01 8.292e-01 1.273e+00 1.325e+00 1.749e+00 1.800e+00 2.123e+00 2.171e+00 2.339e+00 2.374e+00
-7.366e-02 5.358e-02 1.020e-01 3.371e-01 3.904e-01 7.615e-01 8.154e-01 1.250e+00 1.303e+00 1.718e+00 1.770e+00 2.086e+00 2.135e+00 2.299e+00 2.334e+00
-7.815e-02 5.150e-02 1.003e-01 3.295e-01 3.838e-01 7.465e-01 8.015e-01 1.227e+00 1.281e+00 1.686e+00 1.740e+00 2.049e+00 2.098e+00 2.260e+00 2.295e+00
-8.287e-02 4.949e-02 9.856e-02 3.219e-01 3.772e-01 7.316e-01 7.877e-01 1.203e+00 1.259e+00 1.655e+00 1.710e+00 2.012e+00 2.062e+00 2.220e+00 2.255e+00
-8.784e-02 4.756e-02 9.683e-02 3.143e-01 3.706e-01 7.167e-01 7.739e-01 1.180e+00 1.237e+00 1.624e+00 1.680e+00 1.975e+00 2.026e+00 2.180e+00 2.216e+00
-9.307e-02 4.570e-02 9.510e-02 3.067e-01 3.640e-01 7.018e-01 7.601e-01 1.157e+00 1.215e+00 1.594e+00 1.650e+00 1.938e+00 1.990e+00 2.140e+00 2.176e+00
-9.856e-02 4.391e-02 9.337e-02 2.993e-01 3.573e-01 6.870e-01 7.463e-01 1.134e+00 1.193e+00 1.563e+00 1.620e+00 1.901e+00 1.954e+00 2.101e+00 2.136e+00
-1.043e-01 4.219e-02 9.164e-02 2.918e-01 3.507e-01 6.722e-01 7.324e-01 1.111e+00 1.171e+00 1.532e+00 1.590e+00 1.864e+00 1.918e+00 2.061e+00 2.097e+00
-1.104e-01 4.054e-02 8.991e-02 2.844e-01 3.441e-01 6.574e-01 7.186e-01 1.088e+00 1.149e+00 1.501e+00 1.560e+00 1.828e+00 1.881e+00 2.021e+00 2.057e+00
-1.167e-01 3.895e-02 8.818e-02 2.771e-01 3.375e-01 6.426e-01 7.048e-01 1.065e+00 1.127e+00 1.470e+00 1.530e+00 1.791e+00 1.845e+00 1.982e+00 2.018e+00
-1.233e-01 3.743e-02 8.645e-02 2.698e-01 3.309e-01 6.279e-01 6.910e-01 1.042e+00 1.105e+00 1.439e+00 1.500e+00 1.754e+00 1.809e+00 1.942e+00 1.978e+00
-1.302e-01 3.596e-02 8.473e-02 2.625e-01 3.243e-01 6.132e-01 6.772e-01 1.019e+00 1.082e+00 1.408e+00 1.470e+00 1.717e+00 1.773e+00 1.903e+00 1.939e+00
-1.375e-01 3.456e-02 8.300e-02 2.553e-01 3.176e-01 5.986e-01 6.633e-01 9.958e-01 1.060e+00 1.378e+00 1.440e+00 1.681e+00 1.737e+00 1.863e+00 1.899e+00
-1.451e-01 3.321e-02 8.127e-02 2.482e-01 3.110e-01 5.840e-01 6.495e-01 9.729e-01 1.038e+00 1.347e+00 1.410e+00 1.644e+00 1.700e+00 1.824e+00 1.859e+00
-1.530e-01 3.192e-02 7.954e-02 2.412e-01 3.044e-01 5.695e-01 6.357e-01 9.500e-01 1.016e+00 1.316e+00 1.380e+00 1.608e+00 1.664e+00 1.784e+00 1.820e+00
-1.612e-01 3.067e-02 7.781e-02 2.342e-01 2.978e-01 5.550e-01 6.219e-01 9.272e-01 9.941e-01 1.286e+00 1.350e+00 1.571e+00 1.628e+00 1.745e+00 1.780e+00
-1.698e-01 2.947e-02 7.608e-02 2.272e-01 2.912e-01 5.405e-01 6.081e-01 9.045e-01 9.720e-01 1.255e+00 1.320e+00 1.535e+00 1.592e+00 1.706e+00 1.741e+00
-1.788e-01 2.832e-02 7.435e-02 2.204e-01 2.845e-01 5.261e-01 5.942e-01 8.818e-01 9.499e-01 1.225e+00 1.290e+00 1.499e+00 1.556e+00 1.666e+00 1.701e+00
-1.882e-01 2.722e-02 7.262e-02 2.136e-01 2.779e-01 5.118e-01 5.804e-01 8.591e-01 9.278e-01 1.194e+00 1.260e+00 1.462e+00 1.520e+00 1.627e+00 1.662e+00
-1.979e-01 2.615e-02 7.089e-02 2.069e-01 2.713e-01 4.976e-01 5.666e-01 8.365e-01 9.057e-01 1.164e+00 1.230e+00 1.426e+00 1.483e+00 1.588e+00 1.622e+00
-2.080e-01 2.512e-02 6.916e-02 2.003e-01 2.647e-01 4.834e-01 5.528e-01 8.140e-01 8.836e-01 1.134e+00 1.200e+00 1.390e+00 1.447e+00 1.548e+00 1.583e+00
-2.186e-01 2.413e-02 6.743e-02 1.937e-01 2.581e-01 4.693e-01 5.390e-01 7.915e-01 8.615e-01 1.103e+00 1.170e+00 1.354e+00 1.411e+00 1.509e+00 1.543e+00
-2.296e-01 2.317e-02 6.571e-02 1.873e-01 2.515e-01 4.552e-01 5.251e-01 7.692e-01 8.394e-01 1.073e+00 1.140e+00 1.318e+00 1.375e+00 1.470e+00 1.503e+00
-2.410e-01 2.224e-02 6.398e-02 1.809e-01 2.448e-01 4.413e-01 5.113e-01 7.468e-01 8.174e-01 1.043e+00 1.110e+00 1.282e+00 1.339e+00 1.431e+00 1.464e+00
-2.528e-01 2.135e-02 6.225e-02 1.746e-01 2.382e-01 4.274e-01 4.975e-01 7.246e-01 7.953e-01 1.013e+00 1.080e+00 1.246e+00 1.302e+00 1.392e+00 1.424e+00
-2.651e-01 2.048e-02 6.052e-02 1.684e-01 2.316e-01 4.136e-01 4.837e-01 7.024e-01 7.732e-01 9.831e-01 1.050e+00 1.210e+00 1.266e+00 1.353e+00 1.385e+00
-2.779e-01 1.964e-02 5.879e-02 1.623e-01 2.250e-01 3.999e-01 4.699e-01 6.804e-01 7.511e-01 9.533e-01 1.020e+00 1.174e+00 1.230e+00 1.313e+00 1.345e+00
-2.911e-01 1.882e-02 5.706e-02 1.563e-01 2.184e-01 3.863e-01 4.560e-01 6.584e-01 7.290e-01 9.235e-01 9.900e-01 1.139e+00 1.194e+00 1.274e+00 1.306e+00
-3.048e-01 1.803e-02 5.533e-02 1.504e-01 2.118e-01 3.728e-01 4.422e-01 6.365e-01 7.069e-01 8.938e-01 9.600e-01 1.103e+00 1.158e+00 1.235e+00 1.266e+00
-3.190e-01 1.726e-02 5.360e-02 1.445e-01 2.051e-01 3.594e-01 4.284e-01 6.147e-01 6.848e-01 8.642e-01 9.300e-01 1.067e+00 1.122e+00 1.196e+00 1.226e+00
-3.338e-01 1.651e-02 5.187e-02 1.388e-01 1.985e-01 3.461e-01 4.146e-01 5.930e-01 6.627e-01 8.346e-01 9.000e-01 1.032e+00 1.085e+00 1.157e+00 1.187e+00
-3.490e-01 1.579e-02 5.014e-02 1.331e-01 1.919e-01 3.329e-01 4.008e-01 5.714e-01 6.406e-01 8.052e-01 8.700e-01 9.964e-01 1.049e+00 1.119e+00 1.147e+00
-3.648e-01 1.508e-02 4.841e-02 1.275e-01 1.853e-01 3.198e-01 3.870e-01 5.499e-01 6.185e-01 7.759e-01 8.400e-01 9.610e-01 1.013e+00 1.080e+00 1.108e+00
-3.811e-01 1.439e-02 4.669e-02 1.220e-01 1.787e-01 3.068e-01 3.731e-01 5.286e-01 5.964e-01 7.467e-01 8.100e-01 9.257e-01 9.769e-01 1.041e+00 1.068e+00
-3.979e-01 1.372e-02 4.496e-02 1.166e-01 1.721e-01 2.940e-01 3.593e-01 5.073e-01 5.744e-01 7.175e-01 7.800e-01 8.905e-01 9.407e-01 1.002e+00 1.029e+00
-4.152e-01 1.306e-02 4.323e-02 1.113e-01 1.654e-01 2.812e-01 3.455e-01 4.862e-01 5.523e-01 6.885e-01 7.500e-01 8.553e-01 9.045e-01 9.631e-01 9.891e-01
-4.331e-01 1.242e-02 4.150e-02 1.060e-01 1.588e-01 2.686e-01 3.317e-01 4.651e-01 5.302e-01 6.596e-01 7.200e-01 8.202e-01 8.683e-01 9.243e-01 9.495e-01
-4.516e-01 1.179e-02 3.977e-02 1.009e-01 1.522e-01 2.561e-01 3.179e-01 4.443e-01 5.081e-01 6.308e-01 6.900e-01 7.852e-01 8.321e-01 8.855e-01 9.099e-01
-4.706e-01 1.117e-02 3.804e-02 9.579e-02 1.456e-01 2.437e-01 3.040e-01 4.235e-01 4.860e-01 6.021e-01 6.600e-01 7.503e-01 7.960e-01 8.468e-01 8.704e-01
-4.902e-01 1.057e-02 3.631e-02 9.079e-02 1.390e-01 2.314e-01 2.902e-01 4.029e-01 4.639e-01 5.736e-01 6.300e-01 7.155e-01 7.598e-01 8.080e-01 8.308e-01
-5.103e-01 9.981e-03 3.458e-02 8.586e-02 1.323e-01 2.193e-01 2.764e-01 3.824e-01 4.418e-01 5.451e-01 6.000e-01 6.807e-01 7.236e-01 7.693e-01 7.913e-01
-5.310e-01 9.403e-03 3.285e-02 8.100e-02 1.257e-01 2.073e-01 2.626e-01 3.620e-01 4.197e-01 5.167e-01 5.700e-01 6.460e-01 6.874e-01 7.307e-01 7.517e-01
-5.522e-01 8.836e-03 3.112e-02 7.622e-02 1.191e-01 1.954e-01 2.488e-01 3.418e-01 3.976e-01 4.885e-01 5.400e-01 6.113e-01 6.512e-01 6.920e-01 7.121e-01
-5.740e-01 8.279e-03 2.939e-02 7.150e-02 1.125e-01 1.836e-01 2.349e-01 3.217e-01 3.755e-01 4.604e-01 5.100e-01 5.768e-01 6.151e-01 6.534e-01 6.726e-01
-5.963e-01 7.732e-03 2.767e-02 6.685e-02 1.059e-01 1.719e-01 2.211e-01 3.017e-01 3.534e-01 4.324e-01 4.800e-01 5.423e-01 5.789e-01 6.148e-01 6.330e-01
-6.191e-01 7.194e-03 2.594e-02 6.227e-02 9.926e-02 1.604e-01 2.073e-01 2.819e-01 3.314e-01 4.045e-01 4.500e-01 5.079e-01 5.427e-01 5.762e-01 5.934e-01
-6.425e-01 6.666e-03 2.421e-02 5.775e-02 9.264e-02 1.490e-01 1.935e-01 2.622e-01 3.093e-01 3.768e-01 4.200e-01 4.735e-01 5.065e-01 5.376e-01 5.539e-01
-6.665e-01 6.145e-03 2.248e-02 5.329e-02 8.603e-02 1.377e-01 1.797e-01 2.426e-01 2.872e-01 3.491e-01 3.900e-01 4.393e-01 4.703e-01 4.991e-01 5.143e-01
-6.909e-01 5.633e-03 2.075e-02 4.889e-02 7.941e-02 1.265e-01 1.658e-01 2.232e-01 2.651e-01 3.216e-01 3.600e-01 4.051e-01 4.342e-01 4.606e-01 4.748e-01
-7.159e-01 5.129e-03 1.902e-02 4.455e-02 7.279e-02 1.154e-01 1.520e-01 2.039e-01 2.430e-01 2.942e-01 3.300e-01 3.710e-01 3.980e-01 4.221e-01 4.352e-01
-7.414e-01 4.632e-03 1.729e-02 4.026e-02 6.617e-02 1.044e-01 1.382e-01 1.848e-01 2.209e-01 2.669e-01 3.000e-01 3.369e-01 3.618e-01 3.836e-01 3.956e-01
-7.674e-01 4.142e-03 1.556e-02 3.603e-02 5.956e-02 9.352e-02 1.244e-01 1.657e-01 1.988e-01 2.397e-01 2.700e-01 3.029e-01 3.256e-01 3.452e-01 3.561e-01
-7.939e-01 3.659e-03 1.383e-02 3.184e-02 5.294e-02 8.275e-02 1.106e-01 1.468e-01 1.767e-01 2.127e-01 2.400e-01 2.690e-01 2.894e-01 3.067e-01 3.165e-01
-8.208e-01 3.182e-03 1.210e-02 2.771e-02 4.632e-02 7.208e-02 9.674e-02 1.281e-01 1.546e-01 1.857e-01 2.100e-01 2.352e-01 2.533e-01 2.683e-01 2.769e-01
-8.483e-01 2.711e-03 1.037e-02 2.362e-02 3.970e-02 6.151e-02 8.292e-02 1.094e-01 1.325e-01 1.589e-01 1.800e-01 2.014e-01 2.171e-01 2.299e-01 2.374e-01
-8.761e-01 2.246e-03 8.645e-03 1.958e-02 3.309e-02 5.104e-02 6.910e-02 9.090e-02 1.105e-01 1.321e-01 1.500e-01 1.677e-01 1.809e-01 1.916e-01 1.978e-01
-9.045e-01 1.786e-03 6.916e-03 1.558e-02 2.647e-02 4.066e-02 5.528e-02 7.250e-02 8.836e-02 1.055e-01 1.200e-01 1.340e-01 1.447e-01 1.532e-01 1.583e-01
-9.333e-01 1.332e-03 5.187e-03 1.163e-02 1.985e-02 3.036e-02 4.146e-02 5.421e-02 6.627e-02 7.898e-02 9.000e-02 1.004e-01 1.085e-01 1.149e-01 1.187e-01
-9.625e-01 8.834e-04 3.458e-03 7.713e-03 1.323e-02 2.016e-02 2.764e-02 3.603e-02 4.418e-02 5.255e-02 6.000e-02 6.688e-02 7.236e-02 7.658e-02 7.913e-02
-9.921e-01 4.393e-04 1.729e-03 3.838e-03 6.617e-03 1.004e-02 1.382e-02 1.796e-02 2.209e-02 2.623e-02 3.000e-02 3.341e-02 3.618e-02 3.828e-02 3.956e-02
-1.022e+00 8.477e-17 3.451e-16 7.654e-16 1.321e-15 2.000e-15 2.759e-15 3.584e-15 4.414e-15 5.225e-15 5.981e-15 6.668e-15 7.230e-15 7.647e-15 7.899e-15
