-6.697e-03 2.957e+00 2.970e+00
-1.345e-02 2.913e+00 2.940e+00
-2.028e-02 2.870e+00 2.910e+00
-2.717e-02 2.827e+00 2.880e+00
-3.412e-02 2.784e+00 2.850e+00
-4.115e-02 2.741e+00 2.820e+00
-4.825e-02 2.698e+00 2.790e+00
-5.543e-02 2.655e+00 2.760e+00
-6.269e-02 2.613e+00 2.730e+00
-7.004e-02 2.570e+00 2.700e+00
-7.747e-02 2.527e+00 2.670e+00
-8.499e-02 2.485e+00 2.640e+00
-9.261e-02 2.443e+00 2.610e+00
-1.003e-01 2.400e+00 2.580e+00
-1.081e-01 2.358e+00 2.550e+00
-1.161e-01 2.316e+00 2.520e+00
-1.241e-01 2.274e+00 2.490e+00
-1.322e-01 2.232e+00 2.460e+00
-1.405e-01 2.191e+00 2.430e+00
-1.489e-01 2.149e+00 2.400e+00
-1.574e-01 2.107e+00 2.370e+00
-1.661e-01 2.066e+00 2.340e+00
-1.749e-01 2.025e+00 2.310e+00
-1.839e-01 1.984e+00 2.280e+00
-1.930e-01 1.943e+00 2.250e+00
-2.023e-01 1.902e+00 2.220e+00
-2.117e-01 1.862e+00 2.190e+00
-2.214e-01 1.821e+00 2.160e+00
-2.312e-01 1.781e+00 2.130e+00
-2.412e-01 1.741e+00 2.100e+00
-2.514e-01 1.701e+00 2.070e+00
-2.619e-01 1.662e+00 2.040e+00
-2.725e-01 1.623e+00 2.010e+00
-2.834e-01 1.583e+00 1.980e+00
-2.946e-01 1.545e+00 1.950e+00
-3.060e-01 1.506e+00 1.920e+00
-3.177e-01 1.468e+00 1.890e+00
-3.296e-01 1.430e+00 1.860e+00
-3.418e-01 1.392e+00 1.830e+00
-3.544e-01 1.354e+00 1.800e+00
-3.673e-01 1.317e+00 1.770e+00
-3.805e-01 1.280e+00 1.740e+00
-3.940e-01 1.244e+00 1.710e+00
-4.080e-01 1.208e+00 1.680e+00
-4.223e-01 1.172e+00 1.650e+00
-4.370e-01 1.137e+00 1.620e+00
-4.521e-01 1.102e+00 1.590e+00
-4.676e-01 1.068e+00 1.560e+00
-4.836e-01 1.034e+00 1.530e+00
-5.000e-01 1.000e+00 1.500e+00
-5.169e-01 9.669e-01 1.470e+00
-5.343e-01 9.343e-01 1.440e+00
-5.522e-01 9.022e-01 1.410e+00
-5.706e-01 8.706e-01 1.380e+00
-5.896e-01 8.396e-01 1.350e+00
-6.091e-01 8.091e-01 1.320e+00
-6.291e-01 7.791e-01 1.290e+00
-6.498e-01 7.498e-01 1.260e+00
-6.710e-01 7.210e-01 1.230e+00
-6.928e-01 6.928e-01 1.200e+00
-7.152e-01 6.652e-01 1.170e+00
-7.383e-01 6.383e-01 1.140e+00
-7.619e-01 6.119e-01 1.110e+00
-7.861e-01 5.861e-01 1.080e+00
-8.110e-01 5.610e-01 1.050e+00
-8.365e-01 5.365e-01 1.020e+00
-8.626e-01 5.126e-01 9.900e-01
-8.893e-01 4.893e-01 9.600e-01
-9.167e-01 4.667e-01 9.300e-01
-9.446e-01 4.446e-01 9.000e-01
-9.732e-01 4.232e-01 8.700e-01
-1.002e+00 4.023e-01 8.400e-01
-1.032e+00 3.820e-01 8.100e-01
-1.062e+00 3.622e-01 7.800e-01
-1.093e+00 3.431e-01 7.500e-01
-1.124e+00 3.244e-01 7.200e-01
-1.156e+00 3.063e-01 6.900e-01
-1.189e+00 2.887e-01 6.600e-01
-1.222e+00 2.716e-01 6.300e-01
-1.255e+00 2.550e-01 6.000e-01
-1.289e+00 2.388e-01 5.700e-01
-1.323e+00 2.231e-01 5.400e-01
-1.358e+00 2.078e-01 5.100e-01
-1.393e+00 1.930e-01 4.800e-01
-1.429e+00 1.785e-01 4.500e-01
-1.464e+00 1.644e-01 4.200e-01
-1.501e+00 1.507e-01 3.900e-01
-1.537e+00 1.374e-01 3.600e-01
-1.574e+00 1.244e-01 3.300e-01
-1.612e+00 1.117e-01 3.000e-01
-1.649e+00 9.931e-02 2.700e-01
-1.687e+00 8.724e-02 2.400e-01
-1.725e+00 7.546e-02 2.100e-01
-1.764e+00 6.395e-02 1.800e-01
-1.803e+00 5.270e-02 1.500e-01
-1.842e+00 4.170e-02 1.200e-01
-1.881e+00 3.094e-02 9.000e-02
-1.920e+00 2.041e-02 6.000e-02
-1.960e+00 1.010e-02 3.000e-02
-2.000e+00 -2.763e-15 -9.764e-16
