-4.033e-03 1.360e+00 1.368e+00 3.574e+00 3.582e+00
-8.132e-03 1.338e+00 1.354e+00 3.530e+00 3.546e+00
-1.230e-02 1.316e+00 1.341e+00 3.486e+00 3.509e+00
-1.655e-02 1.295e+00 1.327e+00 3.442e+00 3.473e+00
-2.087e-02 1.273e+00 1.313e+00 3.398e+00 3.437e+00
-2.527e-02 1.251e+00 1.299e+00 3.354e+00 3.401e+00
-2.976e-02 1.229e+00 1.285e+00 3.311e+00 3.365e+00
-3.434e-02 1.207e+00 1.271e+00 3.267e+00 3.329e+00
-3.901e-02 1.185e+00 1.258e+00 3.224e+00 3.292e+00
-4.378e-02 1.163e+00 1.244e+00 3.180e+00 3.256e+00
-4.866e-02 1.142e+00 1.230e+00 3.137e+00 3.220e+00
-5.365e-02 1.120e+00 1.216e+00 3.094e+00 3.184e+00
-5.875e-02 1.098e+00 1.202e+00 3.051e+00 3.148e+00
-6.398e-02 1.076e+00 1.188e+00 3.008e+00 3.112e+00
-6.933e-02 1.054e+00 1.175e+00 2.965e+00 3.075e+00
-7.483e-02 1.033e+00 1.161e+00 2.922e+00 3.039e+00
-8.046e-02 1.011e+00 1.147e+00 2.880e+00 3.003e+00
-8.625e-02 9.892e-01 1.133e+00 2.837e+00 2.967e+00
-9.220e-02 9.676e-01 1.119e+00 2.795e+00 2.931e+00
-9.832e-02 9.460e-01 1.106e+00 2.752e+00 2.894e+00
-1.046e-01 9.244e-01 1.092e+00 2.710e+00 2.858e+00
-1.111e-01 9.029e-01 1.078e+00 2.668e+00 2.822e+00
-1.178e-01 8.815e-01 1.064e+00 2.626e+00 2.786e+00
-1.247e-01 8.602e-01 1.050e+00 2.585e+00 2.750e+00
-1.318e-01 8.389e-01 1.036e+00 2.543e+00 2.714e+00
-1.392e-01 8.178e-01 1.023e+00 2.501e+00 2.677e+00
-1.468e-01 7.967e-01 1.009e+00 2.460e+00 2.641e+00
-1.547e-01 7.758e-01 9.950e-01 2.419e+00 2.605e+00
-1.629e-01 7.550e-01 9.812e-01 2.378e+00 2.569e+00
-1.713e-01 7.344e-01 9.674e-01 2.337e+00 2.533e+00
-1.801e-01 7.138e-01 9.536e-01 2.296e+00 2.496e+00
-1.892e-01 6.935e-01 9.397e-01 2.256e+00 2.460e+00
-1.986e-01 6.733e-01 9.259e-01 2.215e+00 2.424e+00
-2.084e-01 6.534e-01 9.121e-01 2.175e+00 2.388e+00
-2.186e-01 6.336e-01 8.983e-01 2.135e+00 2.352e+00
-2.292e-01 6.141e-01 8.845e-01 2.095e+00 2.316e+00
-2.402e-01 5.948e-01 8.706e-01 2.055e+00 2.279e+00
-2.517e-01 5.758e-01 8.568e-01 2.016e+00 2.243e+00
-2.636e-01 5.570e-01 8.430e-01 1.977e+00 2.207e+00
-2.760e-01 5.385e-01 8.292e-01 1.937e+00 2.171e+00
-2.889e-01 5.204e-01 8.154e-01 1.899e+00 2.135e+00
-3.023e-01 5.025e-01 8.015e-01 1.860e+00 2.098e+00
-3.163e-01 4.850e-01 7.877e-01 1.821e+00 2.062e+00
-3.308e-01 4.679e-01 7.739e-01 1.783e+00 2.026e+00
-3.459e-01 4.511e-01 7.601e-01 1.745e+00 1.990e+00
-3.616e-01 4.347e-01 7.463e-01 1.707e+00 1.954e+00
-3.779e-01 4.186e-01 7.324e-01 1.669e+00 1.918e+00
-3.947e-01 4.030e-01 7.186e-01 1.632e+00 1.881e+00
-4.123e-01 3.878e-01 7.048e-01 1.594e+00 1.845e+00
-4.304e-01 3.729e-01 6.910e-01 1.557e+00 1.809e+00
-4.492e-01 3.585e-01 6.772e-01 1.521e+00 1.773e+00
-4.686e-01 3.445e-01 6.633e-01 1.484e+00 1.737e+00
-4.887e-01 3.310e-01 6.495e-01 1.448e+00 1.700e+00
-5.094e-01 3.178e-01 6.357e-01 1.412e+00 1.664e+00
-5.308e-01 3.050e-01 6.219e-01 1.376e+00 1.628e+00
-5.528e-01 2.927e-01 6.081e-01 1.340e+00 1.592e+00
-5.755e-01 2.807e-01 5.942e-01 1.305e+00 1.556e+00
-5.988e-01 2.692e-01 5.804e-01 1.270e+00 1.520e+00
-6.227e-01 2.580e-01 5.666e-01 1.235e+00 1.483e+00
-6.472e-01 2.472e-01 5.528e-01 1.200e+00 1.447e+00
-6.724e-01 2.368e-01 5.390e-01 1.166e+00 1.411e+00
-6.981e-01 2.267e-01 5.251e-01 1.131e+00 1.375e+00
-7.244e-01 2.170e-01 5.113e-01 1.097e+00 1.339e+00
-7.513e-01 2.076e-01 4.975e-01 1.064e+00 1.302e+00
-7.788e-01 1.985e-01 4.837e-01 1.030e+00 1.266e+00
-8.068e-01 1.897e-01 4.699e-01 9.971e-01 1.230e+00
-8.354e-01 1.812e-01 4.560e-01 9.642e-01 1.194e+00
-8.644e-01 1.730e-01 4.422e-01 9.315e-01 1.158e+00
-8.940e-01 1.650e-01 4.284e-01 8.990e-01 1.122e+00
-9.241e-01 1.573e-01 4.146e-01 8.668e-01 1.085e+00
-9.546e-01 1.499e-01 4.008e-01 8.348e-01 1.049e+00
-9.857e-01 1.426e-01 3.870e-01 8.031e-01 1.013e+00
-1.017e+00 1.356e-01 3.731e-01 7.715e-01 9.769e-01
-1.049e+00 1.288e-01 3.593e-01 7.403e-01 9.407e-01
-1.081e+00 1.222e-01 3.455e-01 7.092e-01 9.045e-01
-1.114e+00 1.158e-01 3.317e-01 6.784e-01 8.683e-01
-1.147e+00 1.096e-01 3.179e-01 6.478e-01 8.321e-01
-1.181e+00 1.035e-01 3.040e-01 6.175e-01 7.960e-01
-1.215e+00 9.764e-02 2.902e-01 5.873e-01 7.598e-01
-1.249e+00 9.190e-02 2.764e-01 5.574e-01 7.236e-01
-1.284e+00 8.630e-02 2.626e-01 5.277e-01 6.874e-01
-1.319e+00 8.085e-02 2.488e-01 4.982e-01 6.512e-01
-1.354e+00 7.552e-02 2.349e-01 4.690e-01 6.151e-01
-1.390e+00 7.032e-02 2.211e-01 4.399e-01 5.789e-01
-1.426e+00 6.524e-02 2.073e-01 4.110e-01 5.427e-01
-1.463e+00 6.028e-02 1.935e-01 3.824e-01 5.065e-01
-1.499e+00 5.542e-02 1.797e-01 3.539e-01 4.703e-01
-1.536e+00 5.066e-02 1.658e-01 3.256e-01 4.342e-01
-1.574e+00 4.600e-02 1.520e-01 2.975e-01 3.980e-01
-1.611e+00 4.143e-02 1.382e-01 2.696e-01 3.618e-01
-1.649e+00 3.696e-02 1.244e-01 2.419e-01 3.256e-01
-1.687e+00 3.256e-02 1.106e-01 2.144e-01 2.894e-01
-1.725e+00 2.825e-02 9.674e-02 1.870e-01 2.533e-01
-1.764e+00 2.401e-02 8.292e-02 1.598e-01 2.171e-01
-1.803e+00 1.984e-02 6.910e-02 1.328e-01 1.809e-01
-1.842e+00 1.575e-02 5.528e-02 1.059e-01 1.447e-01
-1.881e+00 1.172e-02 4.146e-02 7.921e-02 1.085e-01
-1.920e+00 7.753e-03 2.764e-02 5.265e-02 7.236e-02
-1.960e+00 3.848e-03 1.382e-02 2.625e-02 3.618e-02
-2.000e+00 -3.276e-15 -2.375e-15 -1.275e-15 -3.927e-16
