-2.145e-03 7.412e-01 7.455e-01 2.416e+00 2.421e+00 3.760e+00 3.764e+00
-4.329e-03 7.294e-01 7.380e-01 2.388e+00 2.396e+00 3.717e+00 3.726e+00
-6.552e-03 7.176e-01 7.304e-01 2.359e+00 2.372e+00 3.675e+00 3.688e+00
-8.817e-03 7.058e-01 7.229e-01 2.330e+00 2.347e+00 3.633e+00 3.650e+00
-1.113e-02 6.940e-01 7.154e-01 2.302e+00 2.323e+00 3.591e+00 3.612e+00
-1.348e-02 6.822e-01 7.078e-01 2.273e+00 2.298e+00 3.549e+00 3.574e+00
-1.589e-02 6.703e-01 7.003e-01 2.244e+00 2.274e+00 3.507e+00 3.536e+00
-1.835e-02 6.585e-01 6.928e-01 2.216e+00 2.249e+00 3.465e+00 3.498e+00
-2.086e-02 6.466e-01 6.852e-01 2.187e+00 2.225e+00 3.423e+00 3.460e+00
-2.343e-02 6.348e-01 6.777e-01 2.158e+00 2.201e+00 3.382e+00 3.422e+00
-2.606e-02 6.229e-01 6.702e-01 2.130e+00 2.176e+00 3.340e+00 3.384e+00
-2.875e-02 6.111e-01 6.627e-01 2.101e+00 2.152e+00 3.298e+00 3.346e+00
-3.152e-02 5.992e-01 6.551e-01 2.072e+00 2.127e+00 3.256e+00 3.308e+00
-3.435e-02 5.874e-01 6.476e-01 2.044e+00 2.103e+00 3.215e+00 3.270e+00
-3.727e-02 5.755e-01 6.401e-01 2.015e+00 2.078e+00 3.173e+00 3.232e+00
-4.026e-02 5.637e-01 6.325e-01 1.987e+00 2.054e+00 3.132e+00 3.194e+00
-4.334e-02 5.519e-01 6.250e-01 1.958e+00 2.029e+00 3.090e+00 3.156e+00
-4.651e-02 5.400e-01 6.175e-01 1.929e+00 2.005e+00 3.049e+00 3.118e+00
-4.978e-02 5.282e-01 6.099e-01 1.901e+00 1.980e+00 3.008e+00 3.080e+00
-5.315e-02 5.164e-01 6.024e-01 1.872e+00 1.956e+00 2.967e+00 3.042e+00
-5.663e-02 5.047e-01 5.949e-01 1.844e+00 1.932e+00 2.925e+00 3.004e+00
-6.022e-02 4.929e-01 5.874e-01 1.815e+00 1.907e+00 2.884e+00 2.966e+00
-6.394e-02 4.812e-01 5.798e-01 1.787e+00 1.883e+00 2.843e+00 2.927e+00
-6.779e-02 4.695e-01 5.723e-01 1.759e+00 1.858e+00 2.802e+00 2.889e+00
-7.178e-02 4.578e-01 5.648e-01 1.730e+00 1.834e+00 2.762e+00 2.851e+00
-7.592e-02 4.462e-01 5.572e-01 1.702e+00 1.809e+00 2.721e+00 2.813e+00
-8.022e-02 4.346e-01 5.497e-01 1.674e+00 1.785e+00 2.680e+00 2.775e+00
-8.469e-02 4.231e-01 5.422e-01 1.645e+00 1.760e+00 2.639e+00 2.737e+00
-8.933e-02 4.116e-01 5.346e-01 1.617e+00 1.736e+00 2.599e+00 2.699e+00
-9.417e-02 4.002e-01 5.271e-01 1.589e+00 1.712e+00 2.558e+00 2.661e+00
-9.921e-02 3.889e-01 5.196e-01 1.561e+00 1.687e+00 2.518e+00 2.623e+00
-1.045e-01 3.776e-01 5.121e-01 1.533e+00 1.663e+00 2.478e+00 2.585e+00
-1.099e-01 3.665e-01 5.045e-01 1.505e+00 1.638e+00 2.437e+00 2.547e+00
-1.157e-01 3.554e-01 4.970e-01 1.477e+00 1.614e+00 2.397e+00 2.509e+00
-1.217e-01 3.444e-01 4.895e-01 1.449e+00 1.589e+00 2.357e+00 2.471e+00
-1.279e-01 3.336e-01 4.819e-01 1.421e+00 1.565e+00 2.317e+00 2.433e+00
-1.345e-01 3.229e-01 4.744e-01 1.393e+00 1.540e+00 2.277e+00 2.395e+00
-1.413e-01 3.123e-01 4.669e-01 1.366e+00 1.516e+00 2.238e+00 2.357e+00
-1.485e-01 3.018e-01 4.593e-01 1.338e+00 1.491e+00 2.198e+00 2.319e+00
-1.560e-01 2.915e-01 4.518e-01 1.311e+00 1.467e+00 2.158e+00 2.281e+00
-1.639e-01 2.814e-01 4.443e-01 1.283e+00 1.443e+00 2.119e+00 2.243e+00
-1.721e-01 2.715e-01 4.368e-01 1.256e+00 1.418e+00 2.079e+00 2.205e+00
-1.807e-01 2.617e-01 4.292e-01 1.229e+00 1.394e+00 2.040e+00 2.167e+00
-1.898e-01 2.521e-01 4.217e-01 1.202e+00 1.369e+00 2.001e+00 2.129e+00
-1.992e-01 2.428e-01 4.142e-01 1.175e+00 1.345e+00 1.962e+00 2.091e+00
-2.091e-01 2.336e-01 4.066e-01 1.148e+00 1.320e+00 1.923e+00 2.053e+00
-2.195e-01 2.247e-01 3.991e-01 1.121e+00 1.296e+00 1.884e+00 2.015e+00
-2.303e-01 2.160e-01 3.916e-01 1.094e+00 1.271e+00 1.845e+00 1.977e+00
-2.417e-01 2.076e-01 3.840e-01 1.068e+00 1.247e+00 1.807e+00 1.939e+00
-2.535e-01 1.994e-01 3.765e-01 1.041e+00 1.223e+00 1.768e+00 1.901e+00
-2.658e-01 1.914e-01 3.690e-01 1.015e+00 1.198e+00 1.730e+00 1.863e+00
-2.786e-01 1.836e-01 3.614e-01 9.892e-01 1.174e+00 1.692e+00 1.825e+00
-2.920e-01 1.762e-01 3.539e-01 9.633e-01 1.149e+00 1.653e+00 1.787e+00
-3.059e-01 1.689e-01 3.464e-01 9.376e-01 1.125e+00 1.615e+00 1.749e+00
-3.203e-01 1.619e-01 3.389e-01 9.121e-01 1.100e+00 1.577e+00 1.711e+00
-3.353e-01 1.551e-01 3.313e-01 8.868e-01 1.076e+00 1.540e+00 1.673e+00
-3.508e-01 1.486e-01 3.238e-01 8.616e-01 1.051e+00 1.502e+00 1.635e+00
-3.669e-01 1.423e-01 3.163e-01 8.367e-01 1.027e+00 1.464e+00 1.597e+00
-3.836e-01 1.362e-01 3.087e-01 8.119e-01 1.002e+00 1.427e+00 1.559e+00
-4.007e-01 1.304e-01 3.012e-01 7.874e-01 9.780e-01 1.390e+00 1.521e+00
-4.185e-01 1.247e-01 2.937e-01 7.631e-01 9.536e-01 1.352e+00 1.483e+00
-4.368e-01 1.193e-01 2.861e-01 7.390e-01 9.291e-01 1.315e+00 1.445e+00
-4.556e-01 1.141e-01 2.786e-01 7.151e-01 9.047e-01 1.278e+00 1.407e+00
-4.750e-01 1.090e-01 2.711e-01 6.915e-01 8.802e-01 1.242e+00 1.369e+00
-4.950e-01 1.041e-01 2.636e-01 6.681e-01 8.558e-01 1.205e+00 1.331e+00
-5.154e-01 9.943e-02 2.560e-01 6.449e-01 8.313e-01 1.168e+00 1.293e+00
-5.365e-01 9.490e-02 2.485e-01 6.220e-01 8.069e-01 1.132e+00 1.255e+00
-5.580e-01 9.052e-02 2.410e-01 5.993e-01 7.824e-01 1.096e+00 1.217e+00
-5.801e-01 8.630e-02 2.334e-01 5.769e-01 7.580e-01 1.060e+00 1.179e+00
-6.027e-01 8.222e-02 2.259e-01 5.547e-01 7.335e-01 1.024e+00 1.141e+00
-6.259e-01 7.827e-02 2.184e-01 5.328e-01 7.091e-01 9.877e-01 1.103e+00
-6.495e-01 7.445e-02 2.108e-01 5.112e-01 6.846e-01 9.519e-01 1.065e+00
-6.737e-01 7.076e-02 2.033e-01 4.898e-01 6.602e-01 9.163e-01 1.027e+00
-6.984e-01 6.718e-02 1.958e-01 4.686e-01 6.357e-01 8.808e-01 9.885e-01
-7.235e-01 6.371e-02 1.883e-01 4.477e-01 6.113e-01 8.454e-01 9.505e-01
-7.492e-01 6.034e-02 1.807e-01 4.271e-01 5.868e-01 8.102e-01 9.125e-01
-7.753e-01 5.707e-02 1.732e-01 4.067e-01 5.624e-01 7.751e-01 8.744e-01
-8.019e-01 5.390e-02 1.657e-01 3.866e-01 5.379e-01 7.401e-01 8.364e-01
-8.289e-01 5.081e-02 1.581e-01 3.667e-01 5.135e-01 7.052e-01 7.984e-01
-8.565e-01 4.781e-02 1.506e-01 3.471e-01 4.890e-01 6.705e-01 7.604e-01
-8.844e-01 4.488e-02 1.431e-01 3.277e-01 4.646e-01 6.358e-01 7.224e-01
-9.128e-01 4.203e-02 1.355e-01 3.086e-01 4.401e-01 6.013e-01 6.843e-01
-9.417e-01 3.925e-02 1.280e-01 2.897e-01 4.157e-01 5.670e-01 6.463e-01
-9.709e-01 3.654e-02 1.205e-01 2.710e-01 3.912e-01 5.327e-01 6.083e-01
-1.001e+00 3.389e-02 1.130e-01 2.526e-01 3.668e-01 4.986e-01 5.703e-01
-1.031e+00 3.131e-02 1.054e-01 2.344e-01 3.423e-01 4.646e-01 5.323e-01
-1.061e+00 2.878e-02 9.789e-02 2.164e-01 3.179e-01 4.307e-01 4.943e-01
-1.092e+00 2.630e-02 9.036e-02 1.986e-01 2.934e-01 3.969e-01 4.562e-01
-1.123e+00 2.388e-02 8.283e-02 1.810e-01 2.690e-01 3.632e-01 4.182e-01
-1.155e+00 2.151e-02 7.530e-02 1.637e-01 2.445e-01 3.297e-01 3.802e-01
-1.187e+00 1.918e-02 6.777e-02 1.465e-01 2.201e-01 2.962e-01 3.422e-01
-1.219e+00 1.690e-02 6.024e-02 1.295e-01 1.956e-01 2.629e-01 3.042e-01
-1.252e+00 1.466e-02 5.271e-02 1.127e-01 1.712e-01 2.297e-01 2.661e-01
-1.285e+00 1.246e-02 4.518e-02 9.611e-02 1.467e-01 1.966e-01 2.281e-01
-1.318e+00 1.029e-02 3.765e-02 7.968e-02 1.223e-01 1.636e-01 1.901e-01
-1.352e+00 8.169e-03 3.012e-02 6.342e-02 9.780e-02 1.306e-01 1.521e-01
-1.385e+00 6.078e-03 2.259e-02 4.733e-02 7.335e-02 9.784e-02 1.141e-01
-1.420e+00 4.021e-03 1.506e-02 3.140e-02 4.890e-02 6.513e-02 7.604e-02
-1.454e+00 1.995e-03 7.530e-03 1.562e-02 2.445e-02 3.252e-02 3.802e-02
-1.489e+00 -8.426e-15 -7.206e-15 -5.379e-15 -3.493e-15 -1.694e-15 -5.297e-16
