-1.458e-03 4.603e-01 4.632e-01 1.633e+00 1.636e+00 2.967e+00 2.970e+00 3.838e+00 3.841e+00
-2.946e-03 4.528e-01 4.586e-01 1.614e+00 1.620e+00 2.934e+00 2.940e+00 3.796e+00 3.802e+00
-4.465e-03 4.452e-01 4.539e-01 1.594e+00 1.603e+00 2.901e+00 2.910e+00 3.754e+00 3.763e+00
-6.016e-03 4.376e-01 4.492e-01 1.575e+00 1.587e+00 2.868e+00 2.880e+00 3.713e+00 3.724e+00
-7.602e-03 4.300e-01 4.445e-01 1.556e+00 1.570e+00 2.836e+00 2.850e+00 3.671e+00 3.685e+00
-9.225e-03 4.224e-01 4.398e-01 1.536e+00 1.554e+00 2.803e+00 2.820e+00 3.630e+00 3.647e+00
-1.089e-02 4.148e-01 4.352e-01 1.517e+00 1.537e+00 2.770e+00 2.790e+00 3.588e+00 3.608e+00
-1.259e-02 4.071e-01 4.305e-01 1.497e+00 1.520e+00 2.737e+00 2.760e+00 3.547e+00 3.569e+00
-1.433e-02 3.995e-01 4.258e-01 1.478e+00 1.504e+00 2.704e+00 2.730e+00 3.506e+00 3.530e+00
-1.612e-02 3.919e-01 4.211e-01 1.459e+00 1.487e+00 2.671e+00 2.700e+00 3.464e+00 3.491e+00
-1.796e-02 3.843e-01 4.164e-01 1.439e+00 1.471e+00 2.638e+00 2.670e+00 3.423e+00 3.453e+00
-1.985e-02 3.766e-01 4.118e-01 1.420e+00 1.454e+00 2.606e+00 2.640e+00 3.382e+00 3.414e+00
-2.180e-02 3.690e-01 4.071e-01 1.400e+00 1.438e+00 2.573e+00 2.610e+00 3.341e+00 3.375e+00
-2.380e-02 3.614e-01 4.024e-01 1.381e+00 1.421e+00 2.540e+00 2.580e+00 3.299e+00 3.336e+00
-2.587e-02 3.538e-01 3.977e-01 1.362e+00 1.405e+00 2.507e+00 2.550e+00 3.258e+00 3.297e+00
-2.800e-02 3.461e-01 3.930e-01 1.342e+00 1.388e+00 2.474e+00 2.520e+00 3.217e+00 3.259e+00
-3.020e-02 3.385e-01 3.884e-01 1.323e+00 1.372e+00 2.442e+00 2.490e+00 3.176e+00 3.220e+00
-3.247e-02 3.309e-01 3.837e-01 1.303e+00 1.355e+00 2.409e+00 2.460e+00 3.135e+00 3.181e+00
-3.483e-02 3.233e-01 3.790e-01 1.284e+00 1.339e+00 2.376e+00 2.430e+00 3.094e+00 3.142e+00
-3.727e-02 3.157e-01 3.743e-01 1.265e+00 1.322e+00 2.343e+00 2.400e+00 3.053e+00 3.104e+00
-3.980e-02 3.081e-01 3.696e-01 1.245e+00 1.306e+00 2.311e+00 2.370e+00 3.013e+00 3.065e+00
-4.243e-02 3.006e-01 3.650e-01 1.226e+00 1.289e+00 2.278e+00 2.340e+00 2.972e+00 3.026e+00
-4.516e-02 2.930e-01 3.603e-01 1.207e+00 1.273e+00 2.245e+00 2.310e+00 2.931e+00 2.987e+00
-4.800e-02 2.855e-01 3.556e-01 1.187e+00 1.256e+00 2.213e+00 2.280e+00 2.890e+00 2.948e+00
-5.096e-02 2.780e-01 3.509e-01 1.168e+00 1.240e+00 2.180e+00 2.250e+00 2.850e+00 2.910e+00
-5.404e-02 2.706e-01 3.463e-01 1.149e+00 1.223e+00 2.148e+00 2.220e+00 2.809e+00 2.871e+00
-5.726e-02 2.632e-01 3.416e-01 1.130e+00 1.206e+00 2.115e+00 2.190e+00 2.769e+00 2.832e+00
-6.062e-02 2.558e-01 3.369e-01 1.110e+00 1.190e+00 2.082e+00 2.160e+00 2.728e+00 2.793e+00
-6.414e-02 2.485e-01 3.322e-01 1.091e+00 1.173e+00 2.050e+00 2.130e+00 2.688e+00 2.754e+00
-6.782e-02 2.412e-01 3.275e-01 1.072e+00 1.157e+00 2.017e+00 2.100e+00 2.647e+00 2.716e+00
-7.167e-02 2.339e-01 3.229e-01 1.053e+00 1.140e+00 1.985e+00 2.070e+00 2.607e+00 2.677e+00
-7.570e-02 2.268e-01 3.182e-01 1.034e+00 1.124e+00 1.953e+00 2.040e+00 2.567e+00 2.638e+00
-7.994e-02 2.197e-01 3.135e-01 1.014e+00 1.107e+00 1.920e+00 2.010e+00 2.527e+00 2.599e+00
-8.439e-02 2.127e-01 3.088e-01 9.954e-01 1.091e+00 1.888e+00 1.980e+00 2.487e+00 2.560e+00
-8.905e-02 2.058e-01 3.041e-01 9.764e-01 1.074e+00 1.856e+00 1.950e+00 2.446e+00 2.522e+00
-9.396e-02 1.989e-01 2.995e-01 9.574e-01 1.058e+00 1.823e+00 1.920e+00 2.406e+00 2.483e+00
-9.911e-02 1.922e-01 2.948e-01 9.384e-01 1.041e+00 1.791e+00 1.890e+00 2.367e+00 2.444e+00
-1.045e-01 1.856e-01 2.901e-01 9.195e-01 1.025e+00 1.759e+00 1.860e+00 2.327e+00 2.405e+00
-1.102e-01 1.790e-01 2.854e-01 9.006e-01 1.008e+00 1.727e+00 1.830e+00 2.287e+00 2.366e+00
-1.162e-01 1.727e-01 2.807e-01 8.818e-01 9.916e-01 1.695e+00 1.800e+00 2.247e+00 2.328e+00
-1.225e-01 1.664e-01 2.761e-01 8.630e-01 9.751e-01 1.663e+00 1.770e+00 2.207e+00 2.289e+00
-1.292e-01 1.603e-01 2.714e-01 8.443e-01 9.586e-01 1.631e+00 1.740e+00 2.168e+00 2.250e+00
-1.361e-01 1.543e-01 2.667e-01 8.257e-01 9.420e-01 1.599e+00 1.710e+00 2.128e+00 2.211e+00
-1.434e-01 1.484e-01 2.620e-01 8.071e-01 9.255e-01 1.567e+00 1.680e+00 2.089e+00 2.172e+00
-1.511e-01 1.427e-01 2.574e-01 7.886e-01 9.090e-01 1.535e+00 1.650e+00 2.049e+00 2.134e+00
-1.592e-01 1.372e-01 2.527e-01 7.701e-01 8.925e-01 1.504e+00 1.620e+00 2.010e+00 2.095e+00
-1.676e-01 1.318e-01 2.480e-01 7.518e-01 8.759e-01 1.472e+00 1.590e+00 1.971e+00 2.056e+00
-1.765e-01 1.266e-01 2.433e-01 7.335e-01 8.594e-01 1.441e+00 1.560e+00 1.932e+00 2.017e+00
-1.858e-01 1.216e-01 2.386e-01 7.154e-01 8.429e-01 1.409e+00 1.530e+00 1.893e+00 1.978e+00
-1.955e-01 1.167e-01 2.340e-01 6.973e-01 8.264e-01 1.378e+00 1.500e+00 1.854e+00 1.940e+00
-2.056e-01 1.120e-01 2.293e-01 6.793e-01 8.098e-01 1.347e+00 1.470e+00 1.815e+00 1.901e+00
-2.162e-01 1.074e-01 2.246e-01 6.615e-01 7.933e-01 1.316e+00 1.440e+00 1.776e+00 1.862e+00
-2.272e-01 1.030e-01 2.199e-01 6.437e-01 7.768e-01 1.285e+00 1.410e+00 1.737e+00 1.823e+00
-2.387e-01 9.878e-02 2.152e-01 6.261e-01 7.602e-01 1.254e+00 1.380e+00 1.698e+00 1.785e+00
-2.507e-01 9.470e-02 2.106e-01 6.086e-01 7.437e-01 1.223e+00 1.350e+00 1.660e+00 1.746e+00
-2.631e-01 9.077e-02 2.059e-01 5.912e-01 7.272e-01 1.192e+00 1.320e+00 1.621e+00 1.707e+00
-2.760e-01 8.698e-02 2.012e-01 5.740e-01 7.107e-01 1.162e+00 1.290e+00 1.583e+00 1.668e+00
-2.894e-01 8.333e-02 1.965e-01 5.569e-01 6.941e-01 1.131e+00 1.260e+00 1.544e+00 1.629e+00
-3.033e-01 7.982e-02 1.918e-01 5.400e-01 6.776e-01 1.101e+00 1.230e+00 1.506e+00 1.591e+00
-3.177e-01 7.645e-02 1.872e-01 5.232e-01 6.611e-01 1.071e+00 1.200e+00 1.468e+00 1.552e+00
-3.326e-01 7.319e-02 1.825e-01 5.066e-01 6.446e-01 1.041e+00 1.170e+00 1.429e+00 1.513e+00
-3.480e-01 7.006e-02 1.778e-01 4.901e-01 6.280e-01 1.011e+00 1.140e+00 1.391e+00 1.474e+00
-3.640e-01 6.704e-02 1.731e-01 4.738e-01 6.115e-01 9.809e-01 1.110e+00 1.353e+00 1.435e+00
-3.804e-01 6.413e-02 1.684e-01 4.577e-01 5.950e-01 9.513e-01 1.080e+00 1.315e+00 1.397e+00
-3.974e-01 6.133e-02 1.638e-01 4.418e-01 5.784e-01 9.219e-01 1.050e+00 1.277e+00 1.358e+00
-4.148e-01 5.862e-02 1.591e-01 4.261e-01 5.619e-01 8.926e-01 1.020e+00 1.240e+00 1.319e+00
-4.328e-01 5.601e-02 1.544e-01 4.105e-01 5.454e-01 8.634e-01 9.900e-01 1.202e+00 1.280e+00
-4.514e-01 5.349e-02 1.497e-01 3.952e-01 5.289e-01 8.345e-01 9.600e-01 1.164e+00 1.241e+00
-4.704e-01 5.105e-02 1.451e-01 3.800e-01 5.123e-01 8.056e-01 9.300e-01 1.127e+00 1.203e+00
-4.900e-01 4.869e-02 1.404e-01 3.650e-01 4.958e-01 7.770e-01 9.000e-01 1.089e+00 1.164e+00
-5.101e-01 4.640e-02 1.357e-01 3.502e-01 4.793e-01 7.485e-01 8.700e-01 1.052e+00 1.125e+00
-5.307e-01 4.419e-02 1.310e-01 3.357e-01 4.628e-01 7.202e-01 8.400e-01 1.015e+00 1.086e+00
-5.518e-01 4.204e-02 1.263e-01 3.213e-01 4.462e-01 6.921e-01 8.100e-01 9.774e-01 1.047e+00
-5.735e-01 3.996e-02 1.217e-01 3.071e-01 4.297e-01 6.642e-01 7.800e-01 9.403e-01 1.009e+00
-5.957e-01 3.794e-02 1.170e-01 2.931e-01 4.132e-01 6.364e-01 7.500e-01 9.032e-01 9.698e-01
-6.184e-01 3.597e-02 1.123e-01 2.794e-01 3.966e-01 6.089e-01 7.200e-01 8.662e-01 9.311e-01
-6.416e-01 3.406e-02 1.076e-01 2.658e-01 3.801e-01 5.815e-01 6.900e-01 8.293e-01 8.923e-01
-6.653e-01 3.220e-02 1.029e-01 2.524e-01 3.636e-01 5.543e-01 6.600e-01 7.925e-01 8.535e-01
-6.895e-01 3.039e-02 9.826e-02 2.392e-01 3.471e-01 5.272e-01 6.300e-01 7.557e-01 8.147e-01
-7.142e-01 2.862e-02 9.358e-02 2.262e-01 3.305e-01 5.004e-01 6.000e-01 7.190e-01 7.759e-01
-7.394e-01 2.690e-02 8.890e-02 2.134e-01 3.140e-01 4.738e-01 5.700e-01 6.824e-01 7.371e-01
-7.651e-01 2.522e-02 8.422e-02 2.007e-01 2.975e-01 4.473e-01 5.400e-01 6.459e-01 6.983e-01
-7.912e-01 2.357e-02 7.954e-02 1.883e-01 2.810e-01 4.210e-01 5.100e-01 6.094e-01 6.595e-01
-8.178e-01 2.197e-02 7.487e-02 1.760e-01 2.644e-01 3.949e-01 4.800e-01 5.731e-01 6.207e-01
-8.449e-01 2.040e-02 7.019e-02 1.639e-01 2.479e-01 3.690e-01 4.500e-01 5.367e-01 5.819e-01
-8.724e-01 1.886e-02 6.551e-02 1.520e-01 2.314e-01 3.432e-01 4.200e-01 5.005e-01 5.431e-01
-9.004e-01 1.735e-02 6.083e-02 1.402e-01 2.149e-01 3.176e-01 3.900e-01 4.643e-01 5.043e-01
-9.288e-01 1.587e-02 5.615e-02 1.286e-01 1.983e-01 2.922e-01 3.600e-01 4.282e-01 4.655e-01
-9.576e-01 1.442e-02 5.147e-02 1.171e-01 1.818e-01 2.670e-01 3.300e-01 3.922e-01 4.267e-01
-9.869e-01 1.300e-02 4.679e-02 1.058e-01 1.653e-01 2.420e-01 3.000e-01 3.562e-01 3.879e-01
-1.017e+00 1.160e-02 4.211e-02 9.465e-02 1.487e-01 2.171e-01 2.700e-01 3.203e-01 3.491e-01
-1.047e+00 1.023e-02 3.743e-02 8.363e-02 1.322e-01 1.923e-01 2.400e-01 2.845e-01 3.104e-01
-1.077e+00 8.880e-03 3.275e-02 7.274e-02 1.157e-01 1.678e-01 2.100e-01 2.487e-01 2.716e-01
-1.108e+00 7.553e-03 2.807e-02 6.199e-02 9.916e-02 1.434e-01 1.800e-01 2.130e-01 2.328e-01
-1.139e+00 6.247e-03 2.340e-02 5.137e-02 8.264e-02 1.191e-01 1.500e-01 1.773e-01 1.940e-01
-1.170e+00 4.961e-03 1.872e-02 4.086e-02 6.611e-02 9.499e-02 1.200e-01 1.417e-01 1.552e-01
-1.202e+00 3.694e-03 1.404e-02 3.048e-02 4.958e-02 7.103e-02 9.000e-02 1.062e-01 1.164e-01
-1.235e+00 2.445e-03 9.358e-03 2.021e-02 3.305e-02 4.722e-02 6.000e-02 7.076e-02 7.759e-02
-1.267e+00 1.214e-03 4.679e-03 1.005e-02 1.653e-02 2.354e-02 3.000e-02 3.535e-02 3.879e-02
-1.300e+00 -6.887e-15 -6.274e-15 -5.340e-15 -4.159e-15 -2.930e-15 -1.768e-15 -8.303e-16 -2.029e-16
