1.000e-02 1.502e+04 8.376e+03 5.192e+03 1.564e+04 1.631e+04 1.708e+04 1.791e+04 1.877e+04 1.965e+04 2.052e+04 2.139e+04 2.225e+04 2.310e+04 2.393e+04
4.990e-02 6.058e+02 3.394e+02 6.422e+02 6.730e+02 7.117e+02 7.551e+02 8.021e+02 8.516e+02 9.028e+02 9.552e+02 1.008e+03 1.063e+03 1.117e+03 1.173e+03
8.980e-02 2.158e+02 2.020e+02 2.092e+02 2.228e+02 2.389e+02 2.567e+02 2.760e+02 2.966e+02 3.182e+02 3.407e+02 3.640e+02 3.880e+02 4.128e+02 4.383e+02
1.297e-01 1.050e+02 1.004e+02 1.058e+02 1.145e+02 1.245e+02 1.355e+02 1.473e+02 1.601e+02 1.737e+02 1.880e+02 2.030e+02 2.187e+02 2.352e+02 2.522e+02
1.696e-01 6.230e+01 6.086e+01 6.533e+01 7.179e+01 7.917e+01 8.721e+01 9.589e+01 1.053e+02 1.153e+02 1.261e+02 1.375e+02 1.496e+02 1.623e+02 1.757e+02
2.095e-01 4.145e+01 4.136e+01 4.519e+01 5.045e+01 5.641e+01 6.289e+01 6.989e+01 7.746e+01 8.566e+01 9.448e+01 1.039e+02 1.140e+02 1.247e+02 1.360e+02
2.494e-01 2.971e+01 3.027e+01 3.366e+01 3.816e+01 4.325e+01 4.881e+01 5.482e+01 6.131e+01 6.835e+01 7.598e+01 8.421e+01 9.306e+01 1.025e+02 1.126e+02
2.893e-01 2.243e+01 2.334e+01 2.641e+01 3.039e+01 3.492e+01 3.988e+01 4.526e+01 5.107e+01 5.736e+01 6.419e+01 7.161e+01 7.964e+01 8.826e+01 9.751e+01
3.292e-01 1.760e+01 1.870e+01 2.153e+01 2.515e+01 2.928e+01 3.384e+01 3.881e+01 4.420e+01 5.002e+01 5.630e+01 6.312e+01 7.055e+01 7.858e+01 8.724e+01
3.691e-01 1.424e+01 1.544e+01 1.808e+01 2.142e+01 2.527e+01 2.955e+01 3.425e+01 3.938e+01 4.497e+01 5.102e+01 5.759e+01 6.469e+01 7.240e+01 8.075e+01
4.090e-01 1.179e+01 1.305e+01 1.553e+01 1.868e+01 2.231e+01 2.638e+01 3.090e+01 3.588e+01 4.135e+01 4.734e+01 5.389e+01 6.104e+01 6.885e+01 7.735e+01
4.489e-01 9.954e+00 1.125e+01 1.360e+01 1.659e+01 2.006e+01 2.398e+01 2.838e+01 3.326e+01 3.867e+01 4.465e+01 5.123e+01 5.847e+01 6.640e+01 7.507e+01
4.888e-01 8.542e+00 9.846e+00 1.210e+01 1.496e+01 1.830e+01 2.212e+01 2.643e+01 3.126e+01 3.666e+01 4.265e+01 4.930e+01 5.664e+01 6.472e+01 7.359e+01
5.287e-01 7.431e+00 8.737e+00 1.091e+01 1.366e+01 1.691e+01 2.065e+01 2.491e+01 2.971e+01 3.511e+01 4.115e+01 4.788e+01 5.535e+01 6.360e+01 7.268e+01
5.686e-01 6.540e+00 7.841e+00 9.942e+00 1.261e+01 1.579e+01 1.947e+01 2.369e+01 2.849e+01 3.392e+01 4.002e+01 4.686e+01 5.446e+01 6.290e+01 7.221e+01
6.085e-01 5.815e+00 7.107e+00 9.147e+00 1.175e+01 1.487e+01 1.851e+01 2.272e+01 2.753e+01 3.300e+01 3.918e+01 4.613e+01 5.389e+01 6.252e+01 7.207e+01
6.484e-01 5.216e+00 6.498e+00 8.486e+00 1.103e+01 1.411e+01 1.772e+01 2.193e+01 2.676e+01 3.229e+01 3.856e+01 4.563e+01 5.356e+01 6.239e+01 7.220e+01
6.883e-01 4.715e+00 5.986e+00 7.930e+00 1.043e+01 1.347e+01 1.707e+01 2.128e+01 2.616e+01 3.175e+01 3.811e+01 4.532e+01 5.342e+01 6.247e+01 7.254e+01
7.282e-01 4.292e+00 5.550e+00 7.457e+00 9.922e+00 1.294e+01 1.653e+01 2.076e+01 2.567e+01 3.134e+01 3.781e+01 4.516e+01 5.344e+01 6.271e+01 7.305e+01
7.681e-01 3.932e+00 5.178e+00 7.052e+00 9.487e+00 1.248e+01 1.608e+01 2.033e+01 2.530e+01 3.104e+01 3.762e+01 4.512e+01 5.358e+01 6.309e+01 7.370e+01
8.080e-01 3.621e+00 4.855e+00 6.702e+00 9.113e+00 1.210e+01 1.570e+01 1.998e+01 2.500e+01 3.083e+01 3.753e+01 4.518e+01 5.384e+01 6.358e+01 7.446e+01
8.479e-01 3.353e+00 4.575e+00 6.398e+00 8.790e+00 1.177e+01 1.539e+01 1.970e+01 2.478e+01 3.070e+01 3.752e+01 4.533e+01 5.418e+01 6.416e+01 7.533e+01
8.878e-01 3.118e+00 4.330e+00 6.132e+00 8.509e+00 1.149e+01 1.512e+01 1.948e+01 2.462e+01 3.063e+01 3.758e+01 4.555e+01 5.460e+01 6.482e+01 7.628e+01
9.277e-01 2.912e+00 4.113e+00 5.898e+00 8.264e+00 1.125e+01 1.490e+01 1.930e+01 2.451e+01 3.062e+01 3.770e+01 4.583e+01 5.509e+01 6.555e+01 7.730e+01
9.676e-01 2.731e+00 3.922e+00 5.691e+00 8.049e+00 1.104e+01 1.472e+01 1.916e+01 2.444e+01 3.065e+01 3.787e+01 4.616e+01 5.563e+01 6.634e+01 7.838e+01
1.008e+00 2.569e+00 3.751e+00 5.508e+00 7.861e+00 1.086e+01 1.456e+01 1.906e+01 2.442e+01 3.073e+01 3.808e+01 4.655e+01 5.622e+01 6.718e+01 7.952e+01
1.047e+00 2.425e+00 3.599e+00 5.345e+00 7.695e+00 1.070e+01 1.444e+01 1.898e+01 2.442e+01 3.084e+01 3.832e+01 4.697e+01 5.685e+01 6.807e+01 8.071e+01
1.087e+00 2.296e+00 3.462e+00 5.199e+00 7.549e+00 1.057e+01 1.434e+01 1.894e+01 2.445e+01 3.098e+01 3.860e+01 4.742e+01 5.752e+01 6.899e+01 8.193e+01
1.127e+00 2.180e+00 3.339e+00 5.069e+00 7.421e+00 1.046e+01 1.426e+01 1.891e+01 2.451e+01 3.115e+01 3.891e+01 4.791e+01 5.822e+01 6.995e+01 8.319e+01
1.167e+00 2.076e+00 3.228e+00 4.952e+00 7.307e+00 1.036e+01 1.420e+01 1.891e+01 2.459e+01 3.134e+01 3.925e+01 4.842e+01 5.895e+01 7.094e+01 8.449e+01
1.207e+00 1.981e+00 3.127e+00 4.846e+00 7.206e+00 1.028e+01 1.415e+01 1.893e+01 2.469e+01 3.155e+01 3.961e+01 4.896e+01 5.971e+01 7.196e+01 8.581e+01
1.247e+00 1.895e+00 3.035e+00 4.751e+00 7.118e+00 1.021e+01 1.413e+01 1.896e+01 2.481e+01 3.178e+01 3.999e+01 4.952e+01 6.049e+01 7.300e+01 8.716e+01
1.287e+00 1.816e+00 2.952e+00 4.666e+00 7.039e+00 1.016e+01 1.411e+01 1.900e+01 2.494e+01 3.203e+01 4.038e+01 5.010e+01 6.129e+01 7.407e+01 8.853e+01
1.327e+00 1.744e+00 2.875e+00 4.588e+00 6.971e+00 1.011e+01 1.411e+01 1.906e+01 2.509e+01 3.230e+01 4.080e+01 5.070e+01 6.211e+01 7.515e+01 8.992e+01
1.367e+00 1.679e+00 2.805e+00 4.518e+00 6.910e+00 1.007e+01 1.411e+01 1.913e+01 2.525e+01 3.258e+01 4.123e+01 5.131e+01 6.295e+01 7.625e+01 9.133e+01
1.407e+00 1.618e+00 2.741e+00 4.454e+00 6.857e+00 1.005e+01 1.413e+01 1.921e+01 2.542e+01 3.287e+01 4.167e+01 5.194e+01 6.380e+01 7.737e+01 9.276e+01
1.446e+00 1.562e+00 2.682e+00 4.397e+00 6.811e+00 1.003e+01 1.415e+01 1.931e+01 2.560e+01 3.317e+01 4.212e+01 5.258e+01 6.467e+01 7.850e+01 9.421e+01
1.486e+00 1.511e+00 2.628e+00 4.345e+00 6.772e+00 1.001e+01 1.419e+01 1.941e+01 2.580e+01 3.348e+01 4.259e+01 5.323e+01 6.554e+01 7.965e+01 9.567e+01
1.526e+00 1.463e+00 2.578e+00 4.297e+00 6.737e+00 1.001e+01 1.422e+01 1.951e+01 2.600e+01 3.380e+01 4.306e+01 5.389e+01 6.643e+01 8.081e+01 9.714e+01
1.566e+00 1.419e+00 2.532e+00 4.255e+00 6.708e+00 1.001e+01 1.427e+01 1.963e+01 2.621e+01 3.413e+01 4.355e+01 5.457e+01 6.734e+01 8.198e+01 9.862e+01
1.606e+00 1.378e+00 2.489e+00 4.216e+00 6.684e+00 1.001e+01 1.432e+01 1.975e+01 2.642e+01 3.447e+01 4.404e+01 5.525e+01 6.825e+01 8.316e+01 1.001e+02
1.646e+00 1.340e+00 2.450e+00 4.181e+00 6.664e+00 1.002e+01 1.438e+01 1.988e+01 2.664e+01 3.482e+01 4.454e+01 5.594e+01 6.917e+01 8.435e+01 1.016e+02
1.686e+00 1.305e+00 2.413e+00 4.149e+00 6.648e+00 1.004e+01 1.444e+01 2.001e+01 2.687e+01 3.517e+01 4.505e+01 5.664e+01 7.009e+01 8.555e+01 1.031e+02
1.726e+00 1.272e+00 2.379e+00 4.120e+00 6.636e+00 1.005e+01 1.451e+01 2.015e+01 2.711e+01 3.553e+01 4.556e+01 5.735e+01 7.103e+01 8.675e+01 1.047e+02
1.766e+00 1.241e+00 2.348e+00 4.095e+00 6.626e+00 1.008e+01 1.458e+01 2.029e+01 2.735e+01 3.590e+01 4.608e+01 5.806e+01 7.197e+01 8.797e+01 1.062e+02
1.806e+00 1.212e+00 2.319e+00 4.072e+00 6.620e+00 1.010e+01 1.466e+01 2.044e+01 2.759e+01 3.627e+01 4.661e+01 5.878e+01 7.292e+01 8.919e+01 1.077e+02
1.845e+00 1.185e+00 2.292e+00 4.051e+00 6.617e+00 1.013e+01 1.474e+01 2.059e+01 2.784e+01 3.664e+01 4.714e+01 5.950e+01 7.388e+01 9.042e+01 1.093e+02
1.885e+00 1.160e+00 2.267e+00 4.033e+00 6.617e+00 1.016e+01 1.482e+01 2.075e+01 2.809e+01 3.702e+01 4.768e+01 6.024e+01 7.484e+01 9.165e+01 1.108e+02
1.925e+00 1.136e+00 2.243e+00 4.017e+00 6.619e+00 1.020e+01 1.491e+01 2.091e+01 2.835e+01 3.740e+01 4.822e+01 6.097e+01 7.581e+01 9.289e+01 1.124e+02
1.965e+00 1.114e+00 2.221e+00 4.002e+00 6.623e+00 1.024e+01 1.500e+01 2.107e+01 2.861e+01 3.779e+01 4.877e+01 6.171e+01 7.678e+01 9.414e+01 1.140e+02
2.005e+00 1.093e+00 2.201e+00 3.990e+00 6.629e+00 1.028e+01 1.509e+01 2.124e+01 2.888e+01 3.818e+01 4.932e+01 6.246e+01 7.776e+01 9.539e+01 1.155e+02
2.045e+00 1.073e+00 2.182e+00 3.979e+00 6.638e+00 1.032e+01 1.518e+01 2.140e+01 2.915e+01 3.858e+01 4.987e+01 6.320e+01 7.874e+01 9.665e+01 1.171e+02
2.085e+00 1.054e+00 2.165e+00 3.970e+00 6.648e+00 1.036e+01 1.528e+01 2.158e+01 2.942e+01 3.898e+01 5.043e+01 6.396e+01 7.972e+01 9.791e+01 1.187e+02
2.125e+00 1.037e+00 2.149e+00 3.962e+00 6.660e+00 1.041e+01 1.538e+01 2.175e+01 2.969e+01 3.938e+01 5.099e+01 6.471e+01 8.071e+01 9.917e+01 1.203e+02
2.165e+00 1.020e+00 2.133e+00 3.956e+00 6.673e+00 1.046e+01 1.548e+01 2.193e+01 2.997e+01 3.978e+01 5.156e+01 6.547e+01 8.171e+01 1.004e+02 1.219e+02
2.204e+00 1.004e+00 2.119e+00 3.951e+00 6.689e+00 1.051e+01 1.559e+01 2.210e+01 3.024e+01 4.019e+01 5.213e+01 6.624e+01 8.270e+01 1.017e+02 1.234e+02
2.244e+00 9.894e-01 2.106e+00 3.947e+00 6.705e+00 1.056e+01 1.569e+01 2.229e+01 3.053e+01 4.060e+01 5.270e+01 6.700e+01 8.370e+01 1.030e+02 1.250e+02
2.284e+00 9.753e-01 2.094e+00 3.944e+00 6.723e+00 1.061e+01 1.580e+01 2.247e+01 3.081e+01 4.101e+01 5.327e+01 6.777e+01 8.471e+01 1.043e+02 1.266e+02
2.324e+00 9.620e-01 2.083e+00 3.942e+00 6.742e+00 1.067e+01 1.591e+01 2.265e+01 3.109e+01 4.143e+01 5.385e+01 6.854e+01 8.571e+01 1.055e+02 1.282e+02
2.364e+00 9.494e-01 2.073e+00 3.942e+00 6.763e+00 1.072e+01 1.602e+01 2.284e+01 3.138e+01 4.184e+01 5.442e+01 6.932e+01 8.672e+01 1.068e+02 1.299e+02
2.404e+00 9.375e-01 2.063e+00 3.942e+00 6.784e+00 1.078e+01 1.613e+01 2.303e+01 3.167e+01 4.226e+01 5.500e+01 7.009e+01 8.773e+01 1.081e+02 1.315e+02
2.444e+00 9.262e-01 2.054e+00 3.943e+00 6.807e+00 1.084e+01 1.624e+01 2.322e+01 3.196e+01 4.268e+01 5.559e+01 7.087e+01 8.875e+01 1.094e+02 1.331e+02
2.484e+00 9.154e-01 2.046e+00 3.945e+00 6.831e+00 1.090e+01 1.636e+01 2.341e+01 3.226e+01 4.311e+01 5.617e+01 7.165e+01 8.976e+01 1.107e+02 1.347e+02
2.524e+00 9.053e-01 2.039e+00 3.948e+00 6.855e+00 1.096e+01 1.648e+01 2.360e+01 3.255e+01 4.353e+01 5.676e+01 7.244e+01 9.078e+01 1.120e+02 1.363e+02
2.564e+00 8.956e-01 2.032e+00 3.952e+00 6.881e+00 1.102e+01 1.659e+01 2.380e+01 3.285e+01 4.396e+01 5.735e+01 7.322e+01 9.180e+01 1.133e+02 1.379e+02
2.603e+00 8.864e-01 2.026e+00 3.956e+00 6.907e+00 1.109e+01 1.671e+01 2.399e+01 3.314e+01 4.439e+01 5.794e+01 7.401e+01 9.282e+01 1.146e+02 1.395e+02
2.643e+00 8.777e-01 2.020e+00 3.961e+00 6.934e+00 1.115e+01 1.683e+01 2.419e+01 3.344e+01 4.482e+01 5.853e+01 7.480e+01 9.385e+01 1.159e+02 1.412e+02
2.683e+00 8.694e-01 2.015e+00 3.967e+00 6.962e+00 1.122e+01 1.695e+01 2.439e+01 3.374e+01 4.525e+01 5.912e+01 7.559e+01 9.487e+01 1.172e+02 1.428e+02
2.723e+00 8.615e-01 2.010e+00 3.973e+00 6.991e+00 1.128e+01 1.707e+01 2.458e+01 3.404e+01 4.568e+01 5.972e+01 7.638e+01 9.590e+01 1.185e+02 1.444e+02
2.763e+00 8.540e-01 2.006e+00 3.980e+00 7.020e+00 1.135e+01 1.720e+01 2.478e+01 3.435e+01 4.611e+01 6.031e+01 7.717e+01 9.693e+01 1.198e+02 1.461e+02
2.803e+00 8.469e-01 2.002e+00 3.988e+00 7.050e+00 1.142e+01 1.732e+01 2.499e+01 3.465e+01 4.655e+01 6.091e+01 7.797e+01 9.796e+01 1.211e+02 1.477e+02
2.843e+00 8.401e-01 1.999e+00 3.996e+00 7.081e+00 1.149e+01 1.744e+01 2.519e+01 3.496e+01 4.698e+01 6.151e+01 7.877e+01 9.900e+01 1.224e+02 1.493e+02
2.883e+00 8.337e-01 1.996e+00 4.004e+00 7.112e+00 1.156e+01 1.757e+01 2.539e+01 3.526e+01 4.742e+01 6.211e+01 7.957e+01 1.000e+02 1.238e+02 1.510e+02
2.923e+00 8.275e-01 1.994e+00 4.013e+00 7.144e+00 1.163e+01 1.769e+01 2.560e+01 3.557e+01 4.786e+01 6.271e+01 8.036e+01 1.011e+02 1.251e+02 1.526e+02
2.963e+00 8.217e-01 1.991e+00 4.023e+00 7.177e+00 1.170e+01 1.782e+01 2.580e+01 3.588e+01 4.830e+01 6.331e+01 8.117e+01 1.021e+02 1.264e+02 1.542e+02
3.002e+00 8.162e-01 1.990e+00 4.033e+00 7.210e+00 1.177e+01 1.795e+01 2.601e+01 3.619e+01 4.874e+01 6.392e+01 8.197e+01 1.031e+02 1.277e+02 1.559e+02
3.042e+00 8.109e-01 1.988e+00 4.043e+00 7.243e+00 1.184e+01 1.808e+01 2.621e+01 3.650e+01 4.918e+01 6.452e+01 8.277e+01 1.042e+02 1.290e+02 1.575e+02
3.082e+00 8.059e-01 1.987e+00 4.054e+00 7.277e+00 1.191e+01 1.821e+01 2.642e+01 3.681e+01 4.962e+01 6.513e+01 8.357e+01 1.052e+02 1.303e+02 1.592e+02
3.122e+00 8.011e-01 1.986e+00 4.065e+00 7.312e+00 1.198e+01 1.834e+01 2.663e+01 3.712e+01 5.007e+01 6.573e+01 8.438e+01 1.063e+02 1.317e+02 1.608e+02
3.162e+00 7.965e-01 1.986e+00 4.076e+00 7.347e+00 1.206e+01 1.847e+01 2.684e+01 3.743e+01 5.051e+01 6.634e+01 8.519e+01 1.073e+02 1.330e+02 1.625e+02
3.202e+00 7.922e-01 1.986e+00 4.088e+00 7.382e+00 1.213e+01 1.860e+01 2.705e+01 3.774e+01 5.095e+01 6.695e+01 8.599e+01 1.084e+02 1.343e+02 1.641e+02
3.242e+00 7.881e-01 1.986e+00 4.100e+00 7.418e+00 1.221e+01 1.873e+01 2.725e+01 3.806e+01 5.140e+01 6.756e+01 8.680e+01 1.094e+02 1.356e+02 1.657e+02
3.282e+00 7.842e-01 1.986e+00 4.113e+00 7.454e+00 1.228e+01 1.886e+01 2.747e+01 3.837e+01 5.185e+01 6.817e+01 8.761e+01 1.104e+02 1.370e+02 1.674e+02
3.322e+00 7.805e-01 1.986e+00 4.126e+00 7.491e+00 1.236e+01 1.899e+01 2.768e+01 3.868e+01 5.229e+01 6.878e+01 8.842e+01 1.115e+02 1.383e+02 1.690e+02
3.362e+00 7.770e-01 1.987e+00 4.139e+00 7.528e+00 1.243e+01 1.912e+01 2.789e+01 3.900e+01 5.274e+01 6.939e+01 8.923e+01 1.125e+02 1.396e+02 1.707e+02
3.402e+00 7.736e-01 1.988e+00 4.152e+00 7.565e+00 1.251e+01 1.926e+01 2.810e+01 3.932e+01 5.319e+01 7.000e+01 9.004e+01 1.136e+02 1.409e+02 1.724e+02
3.441e+00 7.704e-01 1.989e+00 4.166e+00 7.603e+00 1.258e+01 1.939e+01 2.831e+01 3.963e+01 5.364e+01 7.062e+01 9.085e+01 1.146e+02 1.423e+02 1.740e+02
3.481e+00 7.674e-01 1.991e+00 4.180e+00 7.641e+00 1.266e+01 1.953e+01 2.853e+01 3.995e+01 5.409e+01 7.123e+01 9.167e+01 1.157e+02 1.436e+02 1.757e+02
3.521e+00 7.646e-01 1.993e+00 4.194e+00 7.679e+00 1.274e+01 1.966e+01 2.874e+01 4.027e+01 5.454e+01 7.185e+01 9.248e+01 1.167e+02 1.449e+02 1.773e+02
3.561e+00 7.619e-01 1.994e+00 4.208e+00 7.717e+00 1.282e+01 1.980e+01 2.895e+01 4.059e+01 5.499e+01 7.246e+01 9.330e+01 1.178e+02 1.463e+02 1.790e+02
3.601e+00 7.593e-01 1.996e+00 4.223e+00 7.756e+00 1.289e+01 1.993e+01 2.917e+01 4.091e+01 5.544e+01 7.308e+01 9.411e+01 1.188e+02 1.476e+02 1.806e+02
3.641e+00 7.569e-01 1.999e+00 4.238e+00 7.795e+00 1.297e+01 2.007e+01 2.938e+01 4.123e+01 5.589e+01 7.369e+01 9.493e+01 1.199e+02 1.489e+02 1.823e+02
3.681e+00 7.546e-01 2.001e+00 4.253e+00 7.835e+00 1.305e+01 2.020e+01 2.960e+01 4.155e+01 5.635e+01 7.431e+01 9.574e+01 1.210e+02 1.503e+02 1.839e+02
3.721e+00 7.524e-01 2.003e+00 4.268e+00 7.874e+00 1.313e+01 2.034e+01 2.982e+01 4.187e+01 5.680e+01 7.493e+01 9.656e+01 1.220e+02 1.516e+02 1.856e+02
3.761e+00 7.504e-01 2.006e+00 4.284e+00 7.914e+00 1.321e+01 2.048e+01 3.003e+01 4.219e+01 5.725e+01 7.555e+01 9.738e+01 1.231e+02 1.529e+02 1.873e+02
3.801e+00 7.485e-01 2.009e+00 4.300e+00 7.954e+00 1.329e+01 2.061e+01 3.025e+01 4.251e+01 5.771e+01 7.616e+01 9.820e+01 1.241e+02 1.543e+02 1.889e+02
3.840e+00 7.467e-01 2.012e+00 4.315e+00 7.995e+00 1.337e+01 2.075e+01 3.047e+01 4.283e+01 5.816e+01 7.678e+01 9.902e+01 1.252e+02 1.556e+02 1.906e+02
3.880e+00 7.450e-01 2.015e+00 4.332e+00 8.035e+00 1.345e+01 2.089e+01 3.068e+01 4.315e+01 5.862e+01 7.740e+01 9.984e+01 1.262e+02 1.569e+02 1.922e+02
3.920e+00 7.434e-01 2.019e+00 4.348e+00 8.076e+00 1.353e+01 2.103e+01 3.090e+01 4.347e+01 5.907e+01 7.802e+01 1.007e+02 1.273e+02 1.583e+02 1.939e+02
3.960e+00 7.419e-01 2.022e+00 4.364e+00 8.117e+00 1.361e+01 2.117e+01 3.112e+01 4.380e+01 5.953e+01 7.864e+01 1.015e+02 1.284e+02 1.596e+02 1.956e+02
