0.0 0.019607843137254898
44.1 0.0812378981036453
88.2 0.100677895043943
132.3 0.10262575753819347
176.3 0.03532971723958419
220.4 0.06381317467335931
264.5 0.10737521439300006
308.6 0.12247957958829844
352.7 0.05669577855511907
396.8 0.045786397821679516
440.8 0.10606469959132342
484.9 0.12946371394320094
529.0 0.08809715511752286
573.1 0.037734179667329754
617.2 0.09048152352380379
661.3 0.10503981175784563
705.4 0.10835845064911316
749.4 0.03631396980335592
793.5 0.05999932287645351
837.6 0.08609313426375217
881.7 0.12867907648989582
925.8 0.04247705131275117
969.9 0.04467651360787311
1013.9 0.08155467162179184
1058.0 0.12167693215047774
1102.1 0.06607377928307745
1146.2 0.04487132612911327
1190.3 0.07957188019191218
1234.4 0.11715128269694328
1278.5 0.10824601507024914
1322.5 0.047839109988436906
1366.6 0.06508043522349194
1410.7 0.09594259632587815
1454.8 0.1389988800486322
1498.9 0.055576636194952206
1543.0 0.0584624099708426
1587.1 0.0767860013127331
1631.1 0.13368647908626236
1675.2 0.07060112997091275
1719.3 0.051027599462781556
1763.4 0.05210520691331734
1807.5 0.11671507470922442
1851.6 0.08695209870558775
1895.6 0.05058847427533594
1939.7 0.049385837744494315
1983.8 0.09713599720565681
2027.9 0.11278208080241003
2072.0 0.061826821947468476
2116.1 0.05074711145128801
2160.2 0.07336021011974113
2204.2 0.13604419880842247
2248.3 0.08604129365536946
2292.4 0.061847550342625804
2336.5 0.05404141142928966
2380.6 0.14330585389806194
2424.7 0.09291085513952382
2468.7 0.0699653441903481
2512.8 0.043639684131080374
2556.9 0.10808908391680079
2601.0 0.10349110770885121
