0.0 0.019607843137254898
44.1 0.08927076178548898
88.2 0.06718359705565141
132.3 0.09729481035754395
176.3 0.03940103527453539
220.4 0.09159085876033053
264.5 0.056740628191658454
308.6 0.10735200648027031
352.7 0.05365353943898885
396.8 0.08284853842998777
440.8 0.033618447678198944
484.9 0.10025131422842871
529.0 0.06804624301990428
573.1 0.07545311792437089
617.2 0.033888054274727394
661.3 0.10637397497537975
705.4 0.06978764021918306
749.4 0.0858066845163055
793.5 0.04770668260511435
837.6 0.09412560885453856
881.7 0.05855909688267027
925.8 0.09250673932453435
969.9 0.0654919637498532
1013.9 0.07284873309831473
1058.0 0.04832994349189906
1102.1 0.10255811985158768
1146.2 0.07478744163037483
1190.3 0.07291684845365276
1234.4 0.05145510307409206
1278.5 0.1031781314722045
1322.5 0.0791762661879157
1366.6 0.0717052000531392
1410.7 0.06708315950921363
1454.8 0.08394151684891905
1498.9 0.06872003239295915
1543.0 0.08443699820346692
1587.1 0.07223314507132758
1631.1 0.07142701014750967
1675.2 0.07088618783642131
1719.3 0.09669517017111465
1763.4 0.09574980570616554
1807.5 0.06239135021116179
1851.6 0.07356397884294014
1895.6 0.09574061820991112
1939.7 0.08911665197378707
1983.8 0.05911870380404957
2027.9 0.07160850559626432
2072.0 0.07652229561166701
2116.1 0.09444046054968196
2160.2 0.07671763175959365
2204.2 0.08964697019861247
2248.3 0.06642324491111498
2292.4 0.1008574935691102
2336.5 0.09434310627304064
2380.6 0.09819510281523157
2424.7 0.04726671220327498
2468.7 0.08777979568520247
2512.8 0.0871650875254561
2556.9 0.103247560110326
2601.0 0.047808558261731304
