0.0 0.019607843137254898
44.1 0.08090768802883784
88.2 0.07104080535922448
132.3 0.0705043983806135
176.3 0.04333126475525557
220.4 0.07856367540791281
264.5 0.06466011642874996
308.6 0.0803477781476471
352.7 0.04894039016736477
396.8 0.06685849214375474
440.8 0.06622803627903981
484.9 0.09660287198464121
529.0 0.04410680252173637
573.1 0.07788216722007663
617.2 0.0753193364743918
661.3 0.09828761739302519
705.4 0.06128420087813636
749.4 0.07224180404232362
793.5 0.07627644371631172
837.6 0.09489968000265767
881.7 0.0682528246418467
925.8 0.07791986680298198
969.9 0.06290175806506007
1013.9 0.1141477588164235
1058.0 0.07982584262421025
1102.1 0.07847163950920913
1146.2 0.06814555244754704
1190.3 0.11593062342409277
1234.4 0.08293760805151759
1278.5 0.05686599294209694
1322.5 0.07784452644627504
1366.6 0.10824838640067022
1410.7 0.08378843884673157
1454.8 0.07525553122540099
1498.9 0.0788253602179066
1543.0 0.10234988752509747
1587.1 0.08031246205770522
1631.1 0.08045255801018446
1675.2 0.06282118042037188
1719.3 0.08588399143149554
1763.4 0.09414460873491344
1807.5 0.057395785813973234
1851.6 0.06582466863985215
1895.6 0.09935098826073441
1939.7 0.07778487548234941
1983.8 0.06350766188431926
2027.9 0.06728140577654759
2072.0 0.07838379154291854
2116.1 0.0676607458391945
2160.2 0.07343726122838487
2204.2 0.054659188269588314
2248.3 0.05514434329796852
2292.4 0.0943233900547264
2336.5 0.060097101801663305
2380.6 0.060070412426637264
2424.7 0.06457530243821953
2468.7 0.08496805266057002
2512.8 0.059604956436676314
2556.9 0.04831425635541061
2601.0 0.06063695719862209
