a b c
0.1 0.0 0.019607843137254916
0.1 0.11 0.01965062984874775
0.1 0.22 0.01969342969099085
0.1 0.33 0.01973624007642436
0.1 0.43 0.019775165579414115
0.1 0.54 0.01981798890364169
0.1 0.65 0.019860815238088293
0.1 0.76 0.019903641992063997
0.1 0.87 0.019946466574591058
0.1 0.98 0.01998928639461298
0.1 1.09 0.02003209886120358
0.1 1.2 0.020074901383775975
0.1 1.3 0.020113801959366195
0.1 1.41 0.020156578306364636
0.1 1.52 0.02019933717696695
0.1 1.63 0.020242075983918355
0.1 1.74 0.02028479214132917
0.1 1.85 0.020327483064883464
0.1 1.96 0.02037014617204761
0.1 2.07 0.020412778882278562
0.1 2.17 0.02045150734442442
0.1 2.28 0.020494074866468683
0.1 2.39 0.020536604497800915
0.1 2.5 0.020579093667655896
 
2.3 0.0 0.01960784313725489
2.3 0.11 0.022378612005864048
2.3 0.22 0.025430199533992188
2.3 0.33 0.02876714985815768
2.3 0.43 0.032043238649372294
2.3 0.54 0.0358964380800148
2.3 0.65 0.03997949451430807
2.3 0.76 0.044245345252293435
2.3 0.87 0.04863213660335469
2.3 0.98 0.053064182638833834
2.3 1.09 0.057453803480280397
2.3 1.2 0.06170400012831264
2.3 1.3 0.06536029266697338
2.3 1.41 0.06905690137939488
2.3 1.52 0.07231321884158362
2.3 1.63 0.07503332557056697
2.3 1.74 0.07713264998508845
2.3 1.85 0.07854230477660774
2.3 1.96 0.0792129176412454
2.3 2.07 0.07911773310821758
2.3 2.17 0.07836452548175882
2.3 2.28 0.07682372561058363
2.3 2.39 0.07458335523689537
2.3 2.5 0.07171566137684506
 
4.5 0.0 0.01960784313725483
4.5 0.11 0.023550047341208743
4.5 0.22 0.02816940080229999
4.5 0.33 0.0334822936060522
4.5 0.43 0.038895322750316146
4.5 0.54 0.04542121121359345
4.5 0.65 0.052408215440374994
4.5 0.76 0.05963902592135381
4.5 0.87 0.06681772948062314
4.5 0.98 0.07357899645078626
4.5 1.09 0.07951017543200344
4.5 1.2 0.08418657344130635
4.5 1.3 0.08701903852405404
4.5 1.41 0.08828798138297834
4.5 1.52 0.08745142368451644
4.5 1.63 0.0845074705845369
4.5 1.74 0.07965747655772591
4.5 1.85 0.07330667039659643
4.5 1.96 0.06603540859762562
4.5 2.07 0.058541325465364925
4.5 2.17 0.05215307165200335
4.5 2.28 0.04622270560172356
4.5 2.39 0.04196098289338494
4.5 2.5 0.03968394097308224
 
6.7 0.0 0.019607843137254968
6.7 0.11 0.024442835940745183
6.7 0.22 0.03035257905672439
6.7 0.33 0.03740215777107332
6.7 0.43 0.04476975010361818
6.7 0.54 0.05375923476512701
6.7 0.65 0.06331452552235846
6.7 0.76 0.07285001171472726
6.7 0.87 0.08157580394627702
6.7 0.98 0.08856633222843978
6.7 1.09 0.09289249641302934
6.7 1.2 0.09380806465290054
6.7 1.3 0.09137190889513436
6.7 1.41 0.08526764080447376
6.7 1.52 0.07637184928183804
6.7 1.63 0.06608643141907507
6.7 1.74 0.05618418808101362
6.7 1.85 0.04843622857895113
6.7 1.96 0.044173326524343665
6.7 2.07 0.043905057701535986
6.7 2.17 0.046722624376842097
6.7 2.28 0.05189689317543638
6.7 2.39 0.05734419118782722
6.7 2.5 0.06108808844063702
 
9.0 0.0 0.019607843137254784
9.0 0.11 0.025500565457286992
9.0 0.22 0.03287746971019099
9.0 0.33 0.04182154453172661
9.0 0.43 0.05121367043338298
9.0 0.54 0.06253664639253383
9.0 0.65 0.07409680161344626
9.0 0.76 0.08465042712610252
9.0 0.87 0.09264327317774355
9.0 0.98 0.09650856308484829
9.0 1.09 0.09513205109004289
9.0 1.2 0.0883738999670904
9.0 1.3 0.07854875595099041
9.0 1.41 0.06599305434347293
9.0 1.52 0.05478197768083259
9.0 1.63 0.04798207401691668
9.0 1.74 0.04725705520819621
9.0 1.85 0.05201275906029968
9.0 1.96 0.059418151342265454
9.0 2.07 0.06549150466701444
9.0 2.17 0.06700795775950395
9.0 2.28 0.06318940555760884
9.0 2.39 0.055266575880145864
9.0 2.5 0.04699912280089463
 
11.2 0.0 0.019607843137254867
11.2 0.11 0.026120954389706772
11.2 0.22 0.03456091314288243
11.2 0.33 0.04503465192635733
11.2 0.43 0.056120864942408255
11.2 0.54 0.06931544484930247
11.2 0.65 0.08214090295775527
11.2 0.76 0.09250165677734834
11.2 0.87 0.0980325117592257
11.2 0.98 0.096877014813299
11.2 1.09 0.08869579501786053
11.2 1.2 0.07544663831820093
11.2 1.3 0.06249798303881072
11.2 1.41 0.0519769035838175
11.2 1.52 0.04904663394324261
11.2 1.63 0.05404018311407404
11.2 1.74 0.0630470193078202
11.2 1.85 0.06974783407387922
11.2 1.96 0.06920393918338152
11.2 2.07 0.061268112634401656
11.2 2.17 0.0518058398230884
11.2 2.28 0.045214857284547
11.2 2.39 0.04623032217430019
11.2 2.5 0.05264533370232903
 
13.4 0.0 0.019607843137255016
13.4 0.11 0.026991470886365772
13.4 0.22 0.03670315196604649
13.4 0.33 0.048862000958773535
13.4 0.43 0.06167279279078498
13.4 0.54 0.07648728603604146
13.4 0.65 0.08978156485526904
13.4 0.76 0.09842437552707031
13.4 0.87 0.0994334534457341
13.4 0.98 0.0915767988687847
13.4 1.09 0.07693463687179654
13.4 1.2 0.061164013481039864
13.4 1.3 0.051872105562628994
13.4 1.41 0.05155701546885629
13.4 1.52 0.060273840386491924
13.4 1.63 0.07045125113568552
13.4 1.74 0.07316877751646157
13.4 1.85 0.06541602338871601
13.4 1.96 0.053261044764398704
13.4 2.07 0.04682945887373463
13.4 2.17 0.04997837272514003
13.4 2.28 0.05827599815846817
13.4 2.39 0.061536754590140706
13.4 2.5 0.0552708987841289
 
15.6 0.0 0.019607843137254784
15.6 0.11 0.02759854220761139
15.6 0.22 0.03836186931147811
15.6 0.33 0.05198053618108711
15.6 0.43 0.06622984992208285
15.6 0.54 0.08211901411315913
15.6 0.65 0.09494452206200771
15.6 0.76 0.10059562570459703
15.6 0.87 0.09609359542216264
15.6 0.98 0.08217779002701361
15.6 1.09 0.06479134650391472
15.6 1.2 0.053124770181635604
15.6 1.3 0.053156196878296716
15.6 1.41 0.06330349039728962
15.6 1.52 0.07383722056315764
15.6 1.63 0.07362343369890761
15.6 1.74 0.0619614688920909
15.6 1.85 0.05040497518440668
15.6 1.96 0.05042620194159287
15.6 2.07 0.059541001221275563
15.6 2.17 0.06404291199490553
15.6 2.28 0.05748571616500706
15.6 2.39 0.04715614629988268
15.6 2.5 0.04630373892340793
 
17.8 0.0 0.019607843137254954
17.8 0.11 0.0282483987374927
17.8 0.22 0.040102208739378614
17.8 0.33 0.055233535974714816
17.8 0.43 0.07091691128859325
17.8 0.54 0.08763850369161182
17.8 0.65 0.09930137396550266
17.8 0.76 0.1009186085301138
17.8 0.87 0.09037317089240472
17.8 0.98 0.0719064721961015
17.8 1.09 0.05611137677521252
17.8 1.2 0.05343849120946621
17.8 1.3 0.06301467024357182
17.8 1.41 0.07535860529754283
17.8 1.52 0.07515780113409883
17.8 1.63 0.061568410228649804
17.8 1.74 0.05054321285110668
17.8 1.85 0.05467116180080417
17.8 1.96 0.0649165427970593
17.8 2.07 0.06335654517050067
17.8 2.17 0.05230297932274887
17.8 2.28 0.04693593526206578
17.8 2.39 0.05459245084210926
17.8 2.5 0.05873487780970932
 
20.0 0.0 0.019607843137254517
20.0 0.11 0.02894676221501632
20.0 0.22 0.0419176788233354
20.0 0.33 0.05849284477392259
20.0 0.43 0.0753542993017288
20.0 0.54 0.09224699631346966
20.0 0.65 0.10165243847362582
20.0 0.76 0.09823878324968972
20.0 0.87 0.08214179918160491
20.0 0.98 0.06249224044795926
20.0 1.09 0.053437650280410164
20.0 1.2 0.06147524082913825
20.0 1.3 0.07464309926100793
20.0 1.41 0.07759975934562065
20.0 1.52 0.06387881860652594
20.0 1.63 0.05178246448087863
20.0 1.74 0.05725877529025268
20.0 1.85 0.06760222531210645
20.0 1.96 0.06213789322580711
20.0 2.07 0.04959028292672275
20.0 2.17 0.05096750538522119
20.0 2.28 0.06030825917073514
20.0 2.39 0.056075972081082635
20.0 2.5 0.04588194806500616
 
22.2 0.0 0.01960784313725508
22.2 0.11 0.029472828625921012
22.2 0.22 0.04345603821565507
22.2 0.33 0.061432184953004385
22.2 0.43 0.07940175193487871
22.2 0.54 0.096173515800241
22.2 0.65 0.10273567101350906
22.2 0.76 0.09395691677124317
22.2 0.87 0.0735628699322933
22.2 0.98 0.05623728445620772
22.2 1.09 0.05686262878976584
22.2 1.2 0.07229926792359624
22.2 1.3 0.08032706981323447
22.2 1.41 0.06913436460486042
22.2 1.52 0.053424508815751504
22.2 1.63 0.05727462551986248
22.2 1.74 0.06947410138819769
22.2 1.85 0.0630843618698158
22.2 1.96 0.04971194094818334
22.2 2.07 0.05544968541920358
22.2 2.17 0.06312056588214067
22.2 2.28 0.05319596786627812
22.2 2.39 0.046796299800642836
22.2 2.5 0.05639983386101881
 
24.4 0.0 0.019607843137254954
24.4 0.11 0.029876572692764752
24.4 0.22 0.044665037047602815
24.4 0.33 0.06388778201130152
24.4 0.43 0.08303117854043912
24.4 0.54 0.10012718375015522
24.4 0.65 0.10470238793253775
24.4 0.76 0.09169086448033177
24.4 0.87 0.06808208463556807
24.4 0.98 0.053202835342708386
24.4 1.09 0.06103862923329237
24.4 1.2 0.07892694643408017
24.4 1.3 0.07986969836707902
24.4 1.41 0.06129326084827355
24.4 1.52 0.05267423835165277
24.4 1.63 0.06592075767966503
24.4 1.74 0.06937419717695616
24.4 1.85 0.05388668214306998
24.4 1.96 0.05284457525796223
24.4 2.07 0.06349870160596294
24.4 2.17 0.05681291454603082
24.4 2.28 0.047946319101912355
24.4 2.39 0.05638938534353464
24.4 2.5 0.054390992429127295
 
26.7 0.0 0.019607843137255204
26.7 0.11 0.030407082376251053
26.7 0.22 0.04560164630050756
26.7 0.33 0.06425861421917968
26.7 0.43 0.08101096723227061
26.7 0.54 0.09293629292769601
26.7 0.65 0.09206181965650977
26.7 0.76 0.07967867645058435
26.7 0.87 0.06746043334592948
26.7 0.98 0.06639445067523556
26.7 1.09 0.07107601967968588
26.7 1.2 0.06815973418458295
26.7 1.3 0.06282804061092268
26.7 1.41 0.06647112314222173
26.7 1.52 0.0682721410859415
26.7 1.63 0.05691617001086937
26.7 1.74 0.057573536003358836
26.7 1.85 0.06738587616627786
26.7 1.96 0.054634571137795414
26.7 2.07 0.05095695714127498
26.7 2.17 0.06427493793244127
26.7 2.28 0.05216131688260893
26.7 2.39 0.04712478832992446
26.7 2.5 0.06184328585022623
 
28.9 0.0 0.019607843137255093
28.9 0.11 0.031366043735865635
28.9 0.22 0.0489037913486772
28.9 0.33 0.07179843006989113
28.9 0.43 0.09327007005970388
28.9 0.54 0.10783660625087436
28.9 0.65 0.10151808495485887
28.9 0.76 0.07496104306572005
28.9 0.87 0.05206077550516729
28.9 0.98 0.06009200612702795
28.9 1.09 0.08542764471754415
28.9 1.2 0.08174265068704645
28.9 1.3 0.05555498395011909
28.9 1.41 0.05585394400228163
28.9 1.52 0.07850004265239849
28.9 1.63 0.06294184725306345
28.9 1.74 0.04870244105808079
28.9 1.85 0.06994861909236269
28.9 1.96 0.05884544478831453
28.9 2.07 0.047526454834271696
28.9 2.17 0.06534278160558304
28.9 2.28 0.051529357861377474
28.9 2.39 0.048967427927110764
28.9 2.5 0.060595240401165616
 
31.1 0.0 0.01960784313725469
31.1 0.11 0.0325191532451388
31.1 0.22 0.05122935116717469
31.1 0.33 0.07398565303301985
31.1 0.43 0.09229844472716725
31.1 0.54 0.09904395435477752
31.1 0.65 0.08507754407701835
31.1 0.76 0.06296845911135042
31.1 0.87 0.060503695954680733
31.1 0.98 0.07993933351802368
31.1 1.09 0.0815223317785005
31.1 1.2 0.057217496375423886
31.1 1.3 0.05847785841038481
31.1 1.41 0.08006644472085393
31.1 1.52 0.06132094199035052
31.1 1.63 0.05164545540923318
31.1 1.74 0.07542380184502383
31.1 1.85 0.053328525855599926
31.1 1.96 0.05391599320915086
31.1 2.07 0.06918904439920201
31.1 2.17 0.04357728911755586
31.1 2.28 0.06175686336358144
31.1 2.39 0.0536924856500483
31.1 2.5 0.04632377180371489
 
33.3 0.0 0.019607843137255398
33.3 0.11 0.03150238635546638
33.3 0.22 0.04892222400541845
33.3 0.33 0.07042748672922512
33.3 0.43 0.08845856865785742
33.3 0.54 0.0974104510638201
33.3 0.65 0.08904396295245784
33.3 0.76 0.07181707556186159
33.3 0.87 0.06431189596204982
33.3 0.98 0.06970278124025878
33.3 1.09 0.0716797590893947
33.3 1.2 0.06792264933392561
33.3 1.3 0.06707683110437068
33.3 1.41 0.06318153426548964
33.3 1.52 0.0624023489656741
33.3 1.63 0.06568573315226629
33.3 1.74 0.0563206453988076
33.3 1.85 0.06071415610981412
33.3 1.96 0.05963123898063463
33.3 2.07 0.05178351461333862
33.3 2.17 0.06134849677154845
33.3 2.28 0.04898347850238302
33.3 2.39 0.0565820026986865
33.3 2.5 0.0503188639758123
 
35.5 0.0 0.019607843137255124
35.5 0.11 0.0318434338682314
35.5 0.22 0.05078118808028101
35.5 0.33 0.07581270414653127
35.5 0.43 0.09827013244669258
35.5 0.54 0.10951537014780727
35.5 0.65 0.09459093100105384
35.5 0.76 0.06380630555080763
35.5 0.87 0.053754898026386576
35.5 0.98 0.07686226689555026
35.5 1.09 0.08530728167214954
35.5 1.2 0.05957319861708078
35.5 1.3 0.05825375530881951
35.5 1.41 0.0770983834835082
35.5 1.52 0.05916716530416748
35.5 1.63 0.05834634860233007
35.5 1.74 0.06890713333048151
35.5 1.85 0.051000795030172276
35.5 1.96 0.06373024155128672
35.5 2.07 0.05376952582399133
35.5 2.17 0.05379667558855724
35.5 2.28 0.05752879711501004
35.5 2.39 0.04871020047192063
35.5 2.5 0.056641960865199195
 
37.7 0.0 0.019607843137254884
37.7 0.11 0.033641862867799126
37.7 0.22 0.05582848429689911
37.7 0.33 0.08474648151198234
37.7 0.43 0.10802419850475452
37.7 0.54 0.11162325800749942
37.7 0.65 0.08188620483115003
37.7 0.76 0.0493445595508669
37.7 0.87 0.06391456234150794
37.7 0.98 0.0968836315754891
37.7 1.09 0.07161140497066051
37.7 1.2 0.04922489484719144
37.7 1.3 0.0825002741293895
37.7 1.41 0.06807648204162778
37.7 1.52 0.050941895534002954
37.7 1.63 0.0799967188819143
37.7 1.74 0.04680178464100655
37.7 1.85 0.06992146037582479
37.7 1.96 0.053012045297467586
37.7 2.07 0.05917496524310065
37.7 2.17 0.059446978433939916
37.7 2.28 0.050236854386871706
37.7 2.39 0.05793756016596544
37.7 2.5 0.048406004052752055
 
39.9 0.0 0.019607843137254968
39.9 0.11 0.035236796900476965
39.9 0.22 0.059311213667740274
39.9 0.33 0.08838874391085835
39.9 0.43 0.10710746247786786
39.9 0.54 0.10000117807240898
39.9 0.65 0.0657661665995107
39.9 0.76 0.05177330393276392
39.9 0.87 0.08488076685257116
39.9 0.98 0.09089189585170228
39.9 1.09 0.05026469163770138
39.9 1.2 0.07229353147706599
39.9 1.3 0.08523745146873898
39.9 1.41 0.04594180537331928
39.9 1.52 0.0801359836566893
39.9 1.63 0.05529461584108533
39.9 1.74 0.06320719165312509
39.9 1.85 0.06286493673581246
39.9 1.96 0.0538766210368117
39.9 2.07 0.0628676426685451
39.9 2.17 0.04747765172973347
39.9 2.28 0.06210100131153596
39.9 2.39 0.04883712341767306
39.9 2.5 0.05434438176935668
 
42.1 0.0 0.019607843137255256
42.1 0.11 0.03536401720350647
42.1 0.22 0.05890953027158543
42.1 0.33 0.08538045186725744
42.1 0.43 0.09930888287274699
42.1 0.54 0.08852654034431924
42.1 0.65 0.0626100399676631
42.1 0.76 0.06500193682014738
42.1 0.87 0.08898298023277694
42.1 0.98 0.0702440171300961
42.1 1.09 0.056644887119052675
42.1 1.2 0.08535947378578011
42.1 1.3 0.06005775359884808
42.1 1.41 0.06386500922279711
42.1 1.52 0.07263722725116277
42.1 1.63 0.05104861043003723
42.1 1.74 0.07427355166918168
42.1 1.85 0.04680346420922343
42.1 1.96 0.07089901614793909
42.1 2.07 0.046004222932581426
42.1 2.17 0.06741225136536581
42.1 2.28 0.045808768164096986
42.1 2.39 0.05863840762033526
42.1 2.5 0.05227118801152421
 
44.4 0.0 0.019607843137255304
44.4 0.11 0.03458452876493787
44.4 0.22 0.05699166916213092
44.4 0.33 0.08205651997242086
44.4 0.43 0.09541957818652365
44.4 0.54 0.08748037998749315
44.4 0.65 0.06842259749114518
44.4 0.76 0.07030175924540018
44.4 0.87 0.07940840563050704
44.4 0.98 0.06491179757245431
44.4 1.09 0.07018708283783803
44.4 1.2 0.07279684694323772
44.4 1.3 0.057497230704530576
44.4 1.41 0.07457837750649446
44.4 1.52 0.05482073953185497
44.4 1.63 0.07035360128175482
44.4 1.74 0.052691937195514474
44.4 1.85 0.06777353209880833
44.4 1.96 0.04900730502828886
44.4 2.07 0.06584436577255111
44.4 2.17 0.04664156806133942
44.4 2.28 0.06171433753253856
44.4 2.39 0.049441918988855346
44.4 2.5 0.050751209621738416
 
46.6 0.0 0.019607843137255124
46.6 0.11 0.03428863537018188
46.6 0.22 0.056675406839321193
46.6 0.33 0.0824757903099505
46.6 0.43 0.09731267009094573
46.6 0.54 0.09094954650439391
46.6 0.65 0.07085657174223023
46.6 0.76 0.06762721572443307
46.6 0.87 0.07533479309677207
46.6 0.98 0.06974039838991125
46.6 1.09 0.07026463978874936
46.6 1.2 0.0664222781534058
46.6 1.3 0.06612661722169505
46.6 1.41 0.06594896282460562
46.6 1.52 0.06161123505279839
46.6 1.63 0.06365143795851082
46.6 1.74 0.05929021813979377
46.6 1.85 0.05894037801607969
46.6 1.96 0.05974546807816263
46.6 2.07 0.05245924648972326
46.6 2.17 0.05993302427807397
46.6 2.28 0.04908180598817708
46.6 2.39 0.05603095923046826
46.6 2.5 0.05267482888364018
 
48.8 0.0 0.01960784313725489
48.8 0.11 0.0340305250805175
48.8 0.22 0.056887125609793504
48.8 0.33 0.08467018039137769
48.8 0.43 0.10222836347315976
48.8 0.54 0.09631594960770658
48.8 0.65 0.07018185122563071
48.8 0.76 0.061909236551602895
48.8 0.87 0.07789668568099396
48.8 0.98 0.07488600767503754
48.8 1.09 0.06310382828644531
48.8 1.2 0.07164430163854067
48.8 1.3 0.06646264012676648
48.8 1.41 0.06283076928742602
48.8 1.52 0.06623240638195098
48.8 1.63 0.05884962617043851
48.8 1.74 0.06295380105149523
48.8 1.85 0.05794189220803552
48.8 1.96 0.0566241152794597
48.8 2.07 0.060116946319182865
48.8 2.17 0.050624140010976704
48.8 2.28 0.059119282034720395
48.8 2.39 0.050956039773600276
48.8 2.5 0.049159167293751284
 
51.0 0.0 0.019607843137254284
51.0 0.11 0.034486949476096096
51.0 0.22 0.05853347856165409
51.0 0.33 0.08800437395316663
51.0 0.43 0.10562078887408081
51.0 0.54 0.095646567381704
51.0 0.65 0.06585187908907371
51.0 0.76 0.06336815833095578
51.0 0.87 0.08168428649613063
51.0 0.98 0.07008819405677963
51.0 1.09 0.06589485614811359
51.0 1.2 0.07120160371735838
51.0 1.3 0.0640111438307882
51.0 1.41 0.06577145889652673
51.0 1.52 0.06312550993747641
51.0 1.63 0.06134702682487651
51.0 1.74 0.06107040346823992
51.0 1.85 0.05850510422115358
51.0 1.96 0.0572061024454073
51.0 2.07 0.05801816816722457
51.0 2.17 0.05297647218949741
51.0 2.28 0.055942942652967474
51.0 2.39 0.05310999992468724
51.0 2.5 0.04937917292206774
 
