0.0 0.0164
63.0 0.2301
126.0 0.3124
189.0 0.3701
252.0 0.4161
315.0 0.455
378.0 0.4888
442.0 0.5191
505.0 0.5467
568.0 0.5723
631.0 0.5965
694.0 0.6193
757.0 0.6411
820.0 0.6617
883.0 0.6814
946.0 0.7001
1009.0 0.7179
1072.0 0.7349
1135.0 0.7511
1198.0 0.7664
1261.0 0.781
1324.0 0.7948
1388.0 0.8079
1451.0 0.8203
1514.0 0.8321
1577.0 0.8432
1640.0 0.8537
1703.0 0.8637
1766.0 0.8731
1829.0 0.8819
1892.0 0.8903
1955.0 0.8981
2018.0 0.9055
2081.0 0.9125
2144.0 0.919
2207.0 0.9251
2270.0 0.9309
2334.0 0.9362
2397.0 0.9413
2460.0 0.946
2523.0 0.9503
2586.0 0.9544
2649.0 0.9582
2712.0 0.9618
2775.0 0.965
2838.0 0.9681
2901.0 0.9709
2964.0 0.9735
3027.0 0.976
3090.0 0.9782
3153.0 0.9803
3216.0 0.9821
3280.0 0.9839
3343.0 0.9855
3406.0 0.9869
3469.0 0.9883
3532.0 0.9895
3595.0 0.9906
3658.0 0.9916
3721.0 0.9926
