0.0 0.0164
63.0 0.254
126.0 0.2721
189.0 0.2959
252.0 0.3541
315.0 0.3919
378.0 0.415
442.0 0.4369
505.0 0.4599
568.0 0.4807
631.0 0.4994
694.0 0.5168
757.0 0.5334
820.0 0.5493
883.0 0.5644
946.0 0.579
1009.0 0.593
1072.0 0.6065
1135.0 0.6195
1198.0 0.6321
1261.0 0.6443
1324.0 0.6561
1388.0 0.6677
1451.0 0.6789
1514.0 0.6899
1577.0 0.7004
1640.0 0.7107
1703.0 0.7206
1766.0 0.7303
1829.0 0.7397
1892.0 0.7489
1955.0 0.7578
2018.0 0.7664
2081.0 0.7748
2144.0 0.7829
2207.0 0.7908
2270.0 0.7984
2334.0 0.8058
2397.0 0.813
2460.0 0.82
2523.0 0.8268
2586.0 0.8333
2649.0 0.8396
2712.0 0.8457
2775.0 0.8517
2838.0 0.8574
2901.0 0.863
2964.0 0.8684
3027.0 0.8737
3090.0 0.8787
3153.0 0.8835
3216.0 0.8882
3280.0 0.8928
3343.0 0.8972
3406.0 0.9015
3469.0 0.9056
3532.0 0.9095
3595.0 0.9134
3658.0 0.917
3721.0 0.9206
