0.0 0.0245
29.0 0.2474
57.0 0.3178
86.0 0.3096
114.0 0.3425
143.0 0.3922
171.0 0.4337
200.0 0.4582
228.0 0.4768
257.0 0.4956
285.0 0.5158
313.0 0.5355
342.0 0.5525
370.0 0.5692
399.0 0.5848
427.0 0.5997
456.0 0.6148
484.0 0.6286
513.0 0.6422
541.0 0.6556
570.0 0.6681
598.0 0.6808
627.0 0.6926
655.0 0.7041
684.0 0.7156
712.0 0.7263
741.0 0.737
769.0 0.7472
798.0 0.757
826.0 0.7668
855.0 0.7759
883.0 0.7849
912.0 0.7937
940.0 0.8019
969.0 0.8102
997.0 0.818
1026.0 0.8255
1054.0 0.833
1083.0 0.8399
1111.0 0.8468
1140.0 0.8534
1168.0 0.8597
1197.0 0.8659
1225.0 0.8717
1254.0 0.8774
1282.0 0.883
1311.0 0.8881
1339.0 0.8933
1368.0 0.8982
1396.0 0.9028
1425.0 0.9074
1453.0 0.9117
1482.0 0.9159
1510.0 0.92
1539.0 0.9237
1567.0 0.9275
1596.0 0.931
1624.0 0.9344
1653.0 0.9377
1681.0 0.9408
