0.0 0.0477
8.0 0.2209
15.0 0.3291
23.0 0.4035
30.0 0.4619
37.0 0.5118
45.0 0.5548
52.0 0.5956
60.0 0.6324
67.0 0.6684
75.0 0.7005
82.0 0.7317
90.0 0.7592
97.0 0.7858
105.0 0.8089
112.0 0.8312
120.0 0.8506
127.0 0.869
135.0 0.885
142.0 0.9
150.0 0.913
157.0 0.925
165.0 0.9355
172.0 0.9449
179.0 0.9532
187.0 0.9605
194.0 0.9669
202.0 0.9724
209.0 0.9773
217.0 0.9813
224.0 0.9849
232.0 0.9879
239.0 0.9905
247.0 0.9925
254.0 0.9943
262.0 0.9957
269.0 0.9969
277.0 0.9978
284.0 0.9985
292.0 0.999
299.0 0.9994
306.0 0.9997
314.0 0.9999
321.0 1.0
329.0 1.0
336.0 1.0
344.0 0.9999
351.0 0.9998
359.0 0.9998
366.0 0.9997
374.0 0.9996
381.0 0.9994
389.0 0.9994
396.0 0.9993
404.0 0.9992
411.0 0.9991
419.0 0.9991
426.0 0.999
434.0 0.999
441.0 0.9989
