0.0 0.0478
8.0 0.1871
15.0 0.3333
23.0 0.4466
30.0 0.4891
37.0 0.5127
45.0 0.5087
52.0 0.491
60.0 0.4825
67.0 0.4945
75.0 0.5284
82.0 0.5728
90.0 0.6151
97.0 0.6488
105.0 0.6731
112.0 0.6927
120.0 0.7075
127.0 0.7172
135.0 0.727
142.0 0.7396
150.0 0.7539
157.0 0.7671
165.0 0.7796
172.0 0.7934
179.0 0.8072
187.0 0.8187
194.0 0.8286
202.0 0.8388
209.0 0.8493
217.0 0.8585
224.0 0.8663
232.0 0.8746
239.0 0.8832
247.0 0.891
254.0 0.8975
262.0 0.904
269.0 0.911
277.0 0.9174
284.0 0.9226
292.0 0.9277
299.0 0.9332
306.0 0.9383
314.0 0.9425
321.0 0.9464
329.0 0.9507
336.0 0.9547
344.0 0.958
351.0 0.961
359.0 0.9642
366.0 0.9674
374.0 0.97
381.0 0.9722
389.0 0.9746
396.0 0.977
404.0 0.979
411.0 0.9807
419.0 0.9824
426.0 0.9842
434.0 0.9857
441.0 0.9869
