0.0 0.0244
29.0 0.2332
57.0 0.3213
86.0 0.3842
114.0 0.4338
143.0 0.4756
171.0 0.5121
200.0 0.5447
228.0 0.575
257.0 0.6031
285.0 0.6297
313.0 0.6549
342.0 0.6786
370.0 0.7012
399.0 0.7224
427.0 0.7425
456.0 0.7614
484.0 0.7792
513.0 0.7959
541.0 0.8116
570.0 0.8263
598.0 0.8402
627.0 0.8531
655.0 0.8652
684.0 0.8764
712.0 0.8869
741.0 0.8967
769.0 0.9058
798.0 0.9142
826.0 0.9221
855.0 0.9293
883.0 0.936
912.0 0.9421
940.0 0.9478
969.0 0.953
997.0 0.9578
1026.0 0.9622
1054.0 0.9662
1083.0 0.9699
1111.0 0.9732
1140.0 0.9762
1168.0 0.979
1197.0 0.9815
1225.0 0.9837
1254.0 0.9857
1282.0 0.9875
1311.0 0.9892
1339.0 0.9906
1368.0 0.9919
1396.0 0.993
1425.0 0.994
1453.0 0.9949
1482.0 0.9957
1510.0 0.9964
1539.0 0.997
1567.0 0.9975
1596.0 0.9979
1624.0 0.9983
1653.0 0.9986
1681.0 0.9988
