3 1.0 5.2 4.6 5.16 1.0
5 0.85 5.4 2.5 6.35 1.2
7 0.64 6.0 2.5 9.38 1.6
9 0.48 5.5 2.5 11.65 2.1
11 0.41 6.3 2.3 15.22 2.4
13 0.37 7.1 2.3 19.14 2.7
15 0.33 7.6 2.1 22.88 3.0
17 0.25 5.6 2.5 22.1 4.0
19 0.24 6.1 2.5 25.86 4.2
21 0.22 6.6 2.3 29.77 4.5
23 0.21 7.4 2.1 34.53 4.7
25 0.21 8.2 2.1 39.53 4.8
27 0.2 8.7 1.9 44.07 5.1
29 0.2 9.9 1.9 50.88 5.1
31 0.15 6.4 2.1 43.61 6.8
33 0.14 6.4 2.1 46.42 7.2
35 0.15 6.4 2.1 43.61 6.8
37 0.12 6.4 2.1 52.05 8.1
41 0.11 6.4 2.1 57.68 8.9
47 0.1 6.4 2.1 66.12 10.3
51 0.09 6.4 2.1 71.74 11.1
57 0.08 6.4 2.1 80.18 12.4
61 0.08 6.4 2.1 85.81 13.3
67 0.07 6.4 2.1 94.25 14.6
71 0.06 6.4 2.1 99.88 15.5
