0.1 1.0480844200092119 1.0954390859801668 1.0951384554087102 1.091813760837824
0.6 2.872646217405748 5.827444394794476 5.784164060695766 5.342908002750081
1.0 3.4827835287192976 7.806734661526305 7.68100642061766 6.462382118114948
1.5 4.72378372636558 9.318877672331837 9.153705519806943 7.3136033175155895
2.0 5.702122928005552 10.204505038960823 10.114466365675 7.963818307903944
2.5 6.703645675847948 10.881229410993647 11.006630949722682 8.693327820282143
2.9 7.669902133313121 11.105556385914419 11.574422697621706 9.179756783000435
3.4 8.683490378966995 11.71750661417762 12.559637420163355 9.99412090434793
3.9 9.68456540406634 12.306547813239497 13.47042314529373 10.746508075199152
4.4 11.270002074442791 12.899811727622343 14.33127452322365 11.466741415485325
4.8 12.609713677399904 13.242171695738689 14.832989562618913 11.909099073647019
5.3 12.841447492102384 13.904357906504464 15.614126579357919 12.57704585919638
5.8 11.602759761466755 14.587188013550946 16.358881973400404 13.215850504020489
6.3 10.885633049775622 15.254392949535784 17.07976602176865 13.825146480218327
6.7 11.261469578974847 15.660682866974739 17.532183072226033 14.199473669948095
7.2 12.923957225726372 16.28581166877696 18.205727780140638 14.767221883011112
7.7 14.802867556815634 16.893334096925898 18.887546620307887 15.307430670988179
8.2 15.355919875166723 17.489708749344235 19.520094619821794 15.877104733397735
8.6 16.215440444245154 17.857108302499622 19.932867949687484 16.224780638087328
9.1 18.594346140910066 18.42536959904229 20.533429720794715 16.799033751005904
9.6 21.10015437328345 18.976535428399718 21.12568398874312 17.346090350679784
10.1 22.856098518838213 19.514506416127055 21.72902511653103 17.844986984101823
10.5 23.28905806941371 19.83927585031406 22.073643989506436 18.134227866760718
11.0 27.214146197765444 20.351710076367063 22.626955248539677 18.54761751697763
