0.1 1.2386452236472505 1.2946068551735175 1.29425456829604 1.290323653465568
0.7 3.529081713313692 7.752272475779126 7.68064446029533 6.961922362701039
1.2 4.67655709525025 10.160041968741332 9.979373340599023 8.194714607116607
1.8 6.325857951987964 11.801276782772398 11.633387440333864 9.189160000289599
2.3 7.4012686957887714 12.300026397263695 12.361698645055911 9.748812467710893
2.9 9.074833625864372 13.251576917301465 13.773220373713867 10.922557700248802
3.5 10.482736531083615 14.118782245833126 15.167516949514335 12.075262160904003
4.0 11.586143415201466 14.587767637094988 16.051479897248075 12.808095079439784
4.6 13.12089445406958 15.468513782864475 17.258757216439754 13.835463508389745
5.1 14.231641376936922 16.075519233203796 18.038989150477057 14.51217775522734
5.7 16.478217663028154 17.053256296402193 19.12953478800414 15.446734629008613
6.3 20.163094763606452 18.016658853657397 20.171128040543277 16.3317530702371
6.8 20.029241471590947 18.66026804123597 20.875494176126224 16.9148489820795
7.4 17.03553323190952 19.5484969030123 21.851813236895946 17.722471011409166
8.0 16.531803867062084 20.400869941017728 22.789960389260333 18.46865582813545
8.5 17.854843426931502 20.975716551280726 23.43226844899931 18.986089948449568
9.1 19.283896199783293 21.78117121705233 24.30940613867862 19.717938596123876
9.6 19.380436274885415 22.329562066620838 24.896720397337116 20.202176334650325
10.2 21.079285616307335 23.086267051602373 25.763776421238795 20.888049535025342
10.8 23.870202046419895 23.838950031063007 26.53642459193078 21.591458066441312
11.3 24.644047785323387 24.345248988991226 27.08870519939186 22.076230277431534
11.9 25.942572103364114 25.066085110974942 27.900477307255482 22.838543302340277
12.4 28.243778764678154 25.56765690371497 28.410513863359554 23.396857581897503
13.0 31.210124294351306 26.244013473009765 29.13513865682482 24.07900663027382
