0.1 1.4292060272852902 1.493777093285953 1.493370690202211 1.488832642731571
0.7 4.072017361516947 8.607705975894607 8.512835008878575 7.574231985147088
1.4 6.101607578354129 12.575822383183862 12.34645794423078 9.95783699574368
2.0 7.775684869422736 13.671200209322425 13.571568109133423 10.68397580010618
2.7 9.796041338330339 15.043840263288072 15.416310125355933 12.207689719435203
3.3 11.634384268080458 15.760500476728316 16.81916439466156 13.379821920012414
4.0 13.396655112754237 16.93948108885347 18.610880828320276 14.850031103160926
4.6 15.305359299995732 17.739668383025165 19.80810340120352 15.883062759756173
5.3 17.01958039144883 19.01707331433791 21.352383586037373 17.195728950875893
5.9 18.513282306701964 19.99921887613322 22.422761804566786 18.133862926798617
6.6 20.11513107998201 21.274965514362275 23.8150249253847 19.31147708155938
7.2 23.312786126406312 22.181397457562923 24.797554373614304 20.11317836775258
7.9 30.43085604027416 23.354642290087348 26.09629968422376 21.146112989822743
8.5 28.000821101171983 24.193308720975285 27.02441533911458 21.907278625387132
9.2 24.549551592789058 25.282963232058087 28.207615628850544 22.917683911505648
9.8 25.670072435236566 26.074098800946302 29.065585270892246 23.603628538205154
10.5 25.992368592382306 27.08305958033634 30.187039519370764 24.537518533837996
11.1 25.619551950060828 27.82198056187643 30.972091136480955 25.159645637408214
11.8 27.694181077162526 28.78027864805702 32.06873139956029 26.00568691695179
12.4 29.21031224036291 29.48092084276042 32.82866208286707 26.64136765281907
13.1 30.744056872031642 30.387454818836446 33.81270442263781 27.39608042297551
13.7 34.10757553538983 31.068922430266163 34.55291362917217 28.038426816152654
14.4 35.04587137267038 31.944749292712572 35.55600503477839 28.93495350492286
15.0 34.75834196282279 32.58970712541006 36.2346878661318 29.61323573840292
