0.1 1.6197668309233288 1.6929473313983883 1.6924868214380804 1.6873406548448349
0.8 4.822796982337258 10.70745308412274 10.571381146896039 9.240115531569355
1.6 7.659136008910615 15.033777528130615 14.773222923321343 11.769763784616678
2.3 9.67855610517829 16.287666325165393 16.339014162842325 12.87999215358252
3.0 12.223058857418033 17.353457788988745 18.196519267133233 14.442621730134357
3.8 14.55112717294902 18.913521730747092 20.60744583817618 16.431396422591675
4.5 16.98882108993331 19.99228187412164 22.277102392034685 17.851632007296462
5.2 19.05539416598322 21.227767789403046 23.830520278565743 19.185195361519977
6.0 21.81060877229117 22.958819541800505 25.744173482951393 20.815737453307868
6.7 23.842591059812626 24.240404068274703 27.13987189826049 21.986214157441022
7.4 25.06643293368864 25.469905017989976 28.47392465548231 23.08332680673289
8.2 26.730344921910685 26.975262869070463 30.121976130046068 24.444790948883107
8.9 33.0520564636494 28.100438217907623 31.368988770679085 25.438470194720825
9.7 42.36425130979536 29.483388878735223 32.86824950933676 26.702113665007296
10.4 37.055084046496376 30.511665369089 34.01817486449521 27.640674412712894
11.1 37.22893543131651 31.52373286641391 35.088428192475305 28.522003264637267
11.9 35.983708963327345 32.776961434112735 36.519088077481314 29.668556071911528
12.6 35.09353578042861 33.721109803730265 37.52631640326591 30.534872163028695
13.3 36.83510427946181 34.636406741437206 38.52335402484544 31.3141555998388
14.1 36.811395892008306 35.79715481069939 39.82707764654083 32.36813540387719
14.8 38.41740156309835 36.64860711822508 40.8126274554734 33.07370784896711
15.5 40.25441920906069 37.503953539757084 41.6916272386015 33.725300080708294
16.3 43.94816447666168 38.55059750028124 42.86616353034411 34.690809895037255
17.0 49.73152862681503 39.307560484668514 43.793027054783835 35.48602059427633
