0.1 1.8103276345613664 1.8921175695108239 1.8916029625126098 1.8858476221213465
0.9 5.6749471706727075 12.91193306744321 12.72802370135082 10.941898177324111
1.7 8.918017769828396 16.556518830632935 16.308747262167362 12.896559415551424
2.6 11.979773496245997 19.006368861549426 19.32887654051835 15.284406312302705
3.4 15.028950630964303 20.36553148719459 21.79237770083245 17.33910709876176
4.2 17.804980285682305 21.759098853293466 24.06850502919719 19.23512202702271
5.0 20.738529400057033 23.32108769665428 26.155730519689214 21.026016984964468
5.9 23.893115664265764 25.495859932172557 28.585683259797314 23.108791269687742
6.7 26.613632972382245 27.16774666752118 30.41542373039905 24.64663323060081
7.5 29.81803240896122 28.759821282792416 32.15828354429088 26.06016606229568
8.3 32.39561090597994 30.27424313866674 33.810034065383675 27.432374245939158
9.1 32.33749128783401 31.727907729037447 35.4006425812727 28.753102956715505
10.0 35.19778992701266 33.46023866566375 37.314753004285635 30.289812780639654
10.8 47.71326239362199 34.79645042454904 38.738554637836046 31.51873508046826
11.6 51.86954606195795 36.073005456310746 40.17576801079149 32.63067723239371
12.4 52.90407255199176 37.32974950354499 41.5528376484516 33.808491875014695
13.2 51.56132748655505 38.52880070827299 42.85288737555441 34.82760026217372
14.1 48.66660285517629 40.002887944445 44.50002894230798 36.20405173247277
14.9 49.28885216001905 41.124962346507346 45.766692147094204 37.192538841871155
15.7 48.375036374738386 42.24053680399214 46.92355892535819 38.17055188347232
16.5 50.67467481269113 43.26943806675063 48.11961466544856 39.18970711365596
17.4 49.741317581742315 44.507801370194834 49.621200358269085 40.311462137517594
18.2 51.72086107823256 45.47858387891612 50.836152736006596 41.02126468689178
19.0 54.20964430775473 46.40294900337555 51.86092632718138 41.8059777625939
