0.1 2.000888438199405 2.0912878076232593 2.0907191140829 2.084353481008167
1.0 6.648950305128347 15.194784868156018 14.958088787398259 12.66492876561847
1.9 10.56064522903621 19.067337469474896 18.85615671904942 14.856583961240245
2.8 14.207898127666606 21.079632175615412 21.792320912119713 17.275486323211158
3.7 17.638968584186664 22.90881685154331 24.922602081397063 19.86652044196862
4.6 21.406151318011567 24.80839939292381 27.704917816982853 22.21608489896608
5.6 25.046961887213005 27.43323335083432 30.794122518808507 24.836615058674937
6.5 28.718771449955987 29.592221947633405 33.12156341427395 26.84393002329382
7.4 32.105221777582265 31.622535239537864 35.348246433128814 28.67491959300137
8.3 35.6635506968172 33.53776954876813 37.45326789199827 30.394881065459497
9.2 40.54310718205872 35.36358869551931 39.45325499346775 32.056290761849674
10.1 41.82308390850452 37.10765584545693 41.398890382042474 33.596101885088004
11.0 39.86666850371436 38.79134497748052 43.17487492579814 35.102879583868734
11.9 48.089253367169206 40.39790636348454 45.01619560416653 36.5645418144676
12.8 60.1110521885342 41.944330940821224 46.66740240062072 37.94301664707803
13.7 65.2813574610641 43.45976944337349 48.33102181778728 39.28662171360208
14.6 70.80645382060186 44.9024555802644 50.01586697394651 40.62022687691238
15.5 67.90002302609864 46.320625779708536 51.471950465501266 41.81670030344451
16.5 65.94017921758736 47.934111798273605 53.30403945301611 43.38285460619614
17.4 64.98768790659051 49.17524107508938 54.83236724937751 44.58725755456896
18.3 64.02547092652351 50.41027673701438 56.351317511911176 45.7066133725236
19.2 65.85300166995454 51.58665703632369 57.638984062625426 46.88697928990979
20.1 67.53175303024614 52.77530030745194 58.96057859627256 48.055289474301894
21.0 64.70169706717991 53.89159448559127 60.30895904882876 48.95019585666953
