0.1 2.1914492418374447 2.2904580457356936 2.2898352769241774 2.282858170983749
1.1 7.75556219993452 17.535304813978115 17.24293329883739 14.401378829496675
2.1 12.298469545517525 21.633044428075372 21.511206584046686 16.93404129064804
3.1 16.999944472950755 23.992684289162387 25.233286142842367 20.035082038044894
4.1 21.02873157176797 26.216966672023997 28.894971839441386 23.06838395516047
5.1 25.44489300317692 28.648814362536317 32.1380504503316 25.84245355384713
6.1 29.84354731229394 31.335859580966318 35.12351182837443 28.4074408395391
7.1 33.88859098300136 33.893721107685494 37.89838164914958 30.725017162952007
8.1 38.25369524119903 36.307667389516055 40.5410848323632 32.87804996603978
9.1 42.237359684388565 38.568811214491824 43.040765959522055 34.93831862026806
10.1 47.01972966052872 40.7187349821809 45.42216182800567 36.8636585316474
11.1 55.10754164808849 42.78066853688102 47.61654078264255 38.70891524651852
12.0 49.86346948794501 44.38314177111822 49.46456847922569 40.187860499764355
13.0 51.1933489194945 46.27428998027246 51.4749891435192 41.84043722443587
14.0 63.6360651621595 48.13105674115661 53.53970296348568 43.54586672482555
15.0 71.41667867483977 49.88458669796682 55.495631145840704 45.074748659877365
16.0 85.49433625938374 51.58955042588167 57.32505491675833 46.6104179753084
17.0 88.8053521428023 53.159133965963164 59.20501481367142 48.21700524010128
18.0 88.33738064012152 54.68303930987945 61.097026795173676 49.503090423090285
19.0 87.942741342637 56.153091118493705 62.74938432374131 50.906516490450734
20.0 83.2065868601235 57.617782141097244 64.37801659437557 52.454236893706344
21.0 83.73526214657949 59.003413532098975 66.0410214832339 53.76710339206265
22.0 83.86157288339244 60.40948575607915 67.71463224320829 55.05146345293475
23.0 89.94265293970399 61.74277847263944 69.37889881686557 56.29907771932369
