0.1 2.382010045475484 2.489628283848131 2.4889513601293474 2.481361633893286
1.2 8.993379035391477 19.918055734360333 19.5694696596981 16.148593376616578
2.3 14.233170724734228 24.26050524716395 24.293705755132137 19.143208705451617
3.3 19.39071177077564 26.22002854695954 27.995066763353098 22.271100071920458
4.4 24.47024718153342 29.053112612049457 32.33004737019717 25.883990524855097
5.5 29.305553225487525 32.187905444502555 36.138059910711924 29.1387893974083
6.6 34.59428293750868 35.41345956622544 39.64237706595199 32.14150420874791
7.7 39.79309904067705 38.397443465737176 42.940334714964955 34.77433754294234
8.8 44.7642601974926 41.20556742045699 46.03526652868907 37.295140672325076
9.8 49.26963833657118 43.39980214952109 48.382794673037296 39.2850433573503
10.9 53.72860055008163 45.92237479067368 51.10918776566475 41.56354150595145
12.0 62.36193284139897 48.31596843745808 53.84934648333696 43.74329558036791
13.1 66.92415673285196 50.59665587579301 56.281184145307655 45.74506136972794
14.2 59.68418761891136 52.814628280909474 58.76993194661278 47.81670199245721
15.3 69.39595688604841 54.922703548739065 61.06608532354853 49.6044372284128
16.3 76.09540463112381 56.576898312101875 62.90094264954066 51.177412342176424
17.4 92.3956855382882 58.446095603445336 65.18064719136585 52.96516758305355
18.5 102.86178409047656 60.27417190312267 67.36728669058273 54.59671717616804
19.6 110.24812431920697 62.03359315482246 69.3118940653212 56.357816461480105
20.7 115.61840690085539 63.74863266972147 71.3051601825568 58.042740570266545
21.8 111.58105496979377 65.4271517124141 73.32171936727498 59.42851645351123
22.8 109.84915881007892 66.7604814752098 75.00104854332767 60.70066633500232
23.9 106.06372664188679 68.36004357153553 76.95040569750867 62.46140942913555
25.0 103.60979380944882 69.95403170245885 78.6461495066067 64.24956143339686
