0.1 2.5725708491135224 2.6887985219605666 2.6880674511616554 2.6798638135180948
1.3 10.348238240455425 22.332032072030845 21.929307868516233 17.90762722218516
2.4 15.881403875670673 25.876664948808926 26.132567551351272 20.63216332941346
3.6 22.206628382170077 29.333120053794122 31.729278782596104 25.281431435248763
4.8 28.52650733957185 32.73804220678043 36.63728162675347 29.402809169658415
5.9 33.96562923671916 35.946865985977496 40.30476447874619 32.5928162833641
7.1 39.77947283054365 39.65893301514902 44.34197013829597 35.95339433109943
8.3 45.82772652606441 43.098216007604634 48.13029046672634 39.05767300743977
9.5 51.876848712877184 46.30518600814051 51.635074053642434 41.974975879059485
10.6 57.85375903962844 48.864215732332674 54.4286574212121 44.30182381714253
11.8 62.33775991672394 51.744201401274715 57.64722137201187 46.82082596135954
13.0 67.97569848274551 54.478962520197776 60.605460498127776 49.26587714145492
14.1 86.22702535864055 56.71531679002188 63.10402476859664 51.337263634256175
15.3 73.86459835402874 59.228520263477655 65.8463152369763 53.489417349666326
16.5 78.69641824551546 61.59834843704952 68.50003372839406 55.75215858003549
17.6 82.4249528486053 63.43836453646169 70.79866790137234 57.46603640299558
18.8 96.65531109226674 65.58850720765841 73.29669096251224 59.44699230814907
20.0 111.28370802939384 67.6909532886051 75.63083704716001 61.59938865796263
21.2 123.34508265177553 69.6853876980529 78.01534902354075 63.40514003439335
22.3 137.59534789036633 71.36191218569344 80.0484990987157 64.85821284582627
23.5 141.64775394974816 73.25294905657512 82.42629794937174 66.71413366646453
24.7 136.88750877958577 75.16731699769929 84.5118020341391 68.70354384220065
25.8 140.989342218211 76.65671606095019 86.2200707842648 69.93381466681495
27.0 128.8834397809771 78.4639168936904 88.28787438295122 71.60208511355451
