0.1 2.763131652751558 2.8879687600729995 2.8871835498653193 2.8783646552797486
1.4 11.796441317796662 24.770011517959357 24.31795663509923 19.682190467452006
2.6 18.284917445308793 28.61885875810117 29.18685703494625 23.09248294539907
3.9 25.330436980191774 32.56539052231881 35.61511377361283 28.41084748190226
5.1 32.08269234911661 35.941911658008046 40.32802952953077 32.43819773483643
6.4 39.18263416217804 40.47986513035498 45.305825988343926 36.703570471372345
7.6 45.58874214141574 44.07154746966988 49.29432305974385 39.91664114042766
8.9 52.45515808346755 47.994631468469095 53.57985653187198 43.44388318374471
10.2 59.25283175297899 51.61171209618255 57.5900494518902 46.73102643136125
11.4 65.76305361206641 54.551396679042846 60.739239655837345 49.34129419747552
12.7 73.55840286633145 57.814139045841145 64.33479952100993 52.32068347471561
13.9 75.2378910264466 60.50139649764841 67.28400206255351 54.710283102712914
15.2 92.66111815489862 63.44905433602892 70.55932298173211 57.31303769753706
16.4 97.39333060995436 65.83880720944171 73.21050192469491 59.5795608656714
17.7 94.46671367282913 68.43115690068974 76.38207788840926 61.98475552036552
18.9 92.91518005067614 70.56284576808687 78.85187948559783 63.97778018298709
20.2 103.25505977380276 73.0192262294975 81.6046398430298 66.53064967622485
21.5 118.58437784661709 75.35581047243619 84.40806804718048 68.52038840055536
22.7 132.17910827892428 77.31237808397033 86.82278005211326 70.30419680075464
24.0 151.0806680244398 79.53966839366407 89.5229962458359 72.59434564454301
25.2 167.36123919933732 81.40660965326961 91.52938675427089 74.49811338033557
26.5 173.91165521243977 83.51177612291445 93.94695150891157 76.18213456218538
27.7 167.4911321987126 85.33255263873346 96.0210568653405 77.65686531379875
29.0 179.27361639882605 87.31122206910898 98.44197804309302 79.65070278964919
