0.1 2.9536924563895988 3.0871389981854365 3.0862996557166484 3.0768641060263007
1.4 12.609988994886093 25.412348422792356 24.95176898472354 20.045643828016686
2.8 20.9735639025109 31.433413658699834 32.411480981339786 25.686697508453427
4.1 28.34307295682699 35.07272628075456 38.708807491116794 30.91582931122387
5.5 36.33888494611474 40.05500937074927 44.97928019725703 36.25798070457876
6.8 43.958990799696636 44.53835103933633 49.829910182817216 40.37412817057692
8.2 52.074431564420195 49.255319425847745 54.99985365528107 44.627634843764376
9.5 59.57541081063292 53.03872662834227 59.13942911975048 48.06728415916441
10.8 67.49991545932043 56.6155247674119 63.01675582876243 51.2601663372991
12.2 74.67611442778049 60.48414681443756 67.36250919362944 54.79597266649925
13.5 83.67200888925255 63.64528781112441 70.78048170694507 57.525565918769416
14.9 88.69052979427347 67.1228618954639 74.70709442621404 60.67544559651113
16.2 92.42088591050309 69.98017948297684 77.78577826214803 63.27037539796229
17.6 119.79992560644945 73.00144082788829 81.45071777035471 66.13660839416801
18.9 117.45076967333057 75.50948420977706 84.38037573541314 68.45546860871049
20.3 110.30638077129407 78.34500784267968 87.56408758100496 71.40619477270685
21.6 114.46156529666102 80.67577327099877 90.38640689389419 73.34569663163497
22.9 125.98307172634075 82.95629269488896 93.21689686437209 75.46897202219094
24.3 139.27437465505912 85.54793708947096 96.23699796295836 78.14905586338357
25.6 155.38193397184702 87.69343071893611 98.61722463217319 80.13797671824716
27.0 177.3942955192556 90.14342430365129 101.42347704023268 82.2207134740816
28.3 196.0032282325965 92.225563852235 103.8571228982315 84.17078226329822
29.7 207.68284270264814 94.5194611870317 106.65134514892536 86.47403907668354
31.0 199.2055218041859 96.51919987846975 109.05020728104387 88.60236007750417
