0.1 3.144253260027637 3.286309236297872 3.2854157682595804 3.2753621138711524
1.5 14.171342053152127 27.84635442945351 27.35473192674793 21.84345906351165
3.0 23.727112493518984 34.32040019266614 35.81387073153726 28.404495294605862
4.4 32.30072628377704 38.558609962077796 42.86797683318307 34.30591640761552
5.8 40.84101869588841 43.639391971581205 48.93271746047997 39.54721699471231
7.3 49.86098801261986 49.393123047396 55.21737244203093 44.78970539374352
8.7 58.457259228688045 53.999562338149566 60.33019309652863 48.878973285929696
10.1 66.77024978643654 58.26387787579007 65.0049986037224 52.75102687776872
11.5 75.33485067439443 62.269652673353754 69.34531892396942 56.324770689802385
13.0 84.50148624615781 66.56428598981222 74.04937339881747 60.19361494765468
14.4 92.93678574339096 70.14289236317715 78.09884976108147 63.52065409772103
15.8 105.85504512684007 73.55726453298743 81.70822688440327 66.41393127694269
17.3 98.75671470637924 77.06211026991978 85.89604073687651 69.85661769053361
18.7 129.7181034640151 79.99577908014629 89.40082900101622 72.48513569061417
20.1 139.9219166724624 82.84788511300617 92.57571317567633 75.44750325754546
21.6 133.65158189315187 85.95847272455346 96.29872733226215 78.15202587818233
23.0 132.00834847407188 88.59921774577788 99.57053235109063 80.61207027369088
24.4 139.43726793090443 91.19589761596372 102.56821604124023 83.35707017840514
25.8 149.0678859408051 93.66721337869053 105.34527336460194 85.55844312615845
27.3 162.73137615032556 96.48767531651919 108.56687889043747 87.95086260935781
28.7 183.02771343386985 98.84714054311024 111.38848239503416 90.23315622682696
30.1 206.67304857907317 101.1505487476935 114.20110504401754 92.77708196033099
31.6 232.5760292929654 103.83804879961292 117.33237341088301 95.45381695320201
33.0 243.82682276394084 105.98075567717186 120.01196620515546 97.02546410023311
