0.1 3.334814063665677 3.4854794744103073 3.4845318870962334 3.4738586280672457
1.6 15.768809430118637 30.301631727996483 29.791806576460704 23.67570560030062
3.1 25.869480719720826 36.114730572653954 38.09710512222785 30.25669901803216
4.7 36.34328784471831 42.20039942824152 47.13419912990675 37.7974284274626
6.2 46.07151792472046 48.10364904753616 53.88594290781756 43.604832023571944
7.7 55.7124252088742 53.727635712646936 60.08176084241018 48.656624205409905
9.2 65.37941469357777 58.88615113277665 65.6937077075189 53.38385474115918
10.7 75.55806974353895 63.67359947681454 70.9008763355337 57.6995775546764
12.2 84.47855888689529 68.16475265567504 75.90014308179744 61.76659997383624
13.8 95.95284013803582 72.8983628500366 81.0686994886845 65.90080842668779
15.3 103.33969015597694 76.85070458347005 85.44352805493594 69.40701874649098
16.8 119.51391938162297 80.52307279569418 89.60830766646559 73.00492280768968
18.3 113.81421471078995 83.9364256715242 93.82433655918341 75.99990603057411
19.8 130.95099560238197 87.20769172723212 97.43718894894411 79.30383809976358
21.3 152.1619541659349 90.34941341928013 101.1824540335919 82.16989235575514
22.9 160.74509657920723 93.82575286011243 105.40837501725369 85.34320830900354
24.4 157.0622401962675 96.79864534522144 108.87629498774407 88.4634723960731
25.9 158.79492623513224 99.63531452078024 112.05996435487755 91.00119324888134
27.4 165.96533727091918 102.4658168752265 115.29439849911202 93.40351519978861
28.9 174.05354532451457 105.15296759276032 118.53364418097473 96.04512930067577
30.4 190.70021744306854 107.80792250131492 121.75203472117592 98.922898404163
32.0 217.78562685167003 110.80645691568121 125.28727170658617 101.61456586763937
33.5 239.12145574044905 113.25724074635323 128.32878524403156 103.70019252504451
35.0 269.9938035539677 115.76018493847317 131.0091479324584 105.93396559326506
