0.1 3.525374867303714 3.684649712522742 3.6836480118786454 3.6723535989058793
1.7 17.3666661833502 32.77843334898303 32.26620765831072 25.54819418257175
3.3 28.698253420748475 39.1256614638656 41.68312504142044 33.153131200066966
4.9 39.741232831979055 45.087197827139775 50.53902480677519 40.602118963962845
6.5 50.59789993948175 51.91768960140545 58.11248589390488 47.11157522094677
8.1 61.526177911794804 58.20977025166482 64.99641317699945 52.72678050970683
9.7 72.30088286336677 63.94330421184154 71.2785899182454 57.893398628921084
11.3 83.40487076996048 69.2189558476179 77.06327952690347 62.60886256706648
12.9 94.12253027012343 74.1663022155124 82.50891625892116 67.07302677607196
14.5 105.33075403234525 78.83442623237961 87.80759786233337 71.34842137019172
16.1 115.6392927862167 83.21384169184604 92.48225943737349 75.21180368401977
17.7 126.64457435429713 87.16963562154494 97.31395076073666 78.95138878356522
19.4 140.34566141283642 91.42526597885225 102.1549532183819 82.99278998680016
21.0 138.11566112082025 95.04281825723038 106.36552963639339 86.50021700123875
22.6 160.95023576130313 98.55966411168713 110.63391229645708 89.59801303671591
24.2 186.32296189914678 101.9282656962583 114.68493582899576 93.0746032087096
25.8 189.2646750397164 105.18411698633496 118.29357681107552 96.09422443765718
27.4 185.81524227645062 108.3962299863959 121.96642277863512 98.80870503503134
29.0 188.75005265139225 111.45185659998991 125.6435241921271 101.81278561079671
30.6 192.6013340986936 114.4713180054917 129.2906943378776 105.11730982521094
32.2 206.9530785219315 117.44748537586736 132.84395842037299 107.68425317275553
33.8 229.3914219174726 120.2440916592597 136.21304578762545 109.94233716835693
35.4 258.22255489787733 123.08998244151232 139.27586639090853 112.4760985746474
37.0 267.2778171201652 125.88229619562476 142.35519626154618 115.37558101207111
