0.1 3.7159356709417506 3.883819950635179 3.8827641423017116 3.870846977633239
1.8 18.977573626517653 35.277665222656076 34.78213602912585 27.467351311848862
3.5 31.44851544349081 42.210586935533804 45.38369846921393 36.13604499180925
5.2 43.71031371524868 49.04188490799435 55.03821605848403 44.28511934300324
6.9 56.0417002523153 56.6646849341656 63.3827584592025 51.360518551984356
8.6 68.42760732303212 63.52088231297958 70.9570647231282 57.51077647982624
10.2 79.70306932607198 69.0961414896643 77.08491794531103 62.57215048366789
11.9 91.72827369644858 74.9490996694534 83.52121249249039 67.84115046922267
13.6 104.89734334033608 80.39764021818995 89.40924384834865 72.67048656249179
15.3 116.2673897303111 85.5071791551671 95.0574166000967 77.21935630380689
17.0 129.81534609743855 90.17706387138317 100.42787860667312 81.79918222197924
18.7 137.0172125173552 94.51869573591715 105.63024095257244 85.64541393174173
20.4 170.86733757647093 98.68643830866418 110.3277824240319 89.94604642622868
22.1 151.6813844336167 102.70436960405925 115.14565967387291 93.32332188812305
23.8 166.6542781881608 106.51021102603633 119.91694024378906 97.12463469936228
25.5 199.65190024659412 110.24205615794352 123.9644403510104 100.78549328662368
27.2 224.28239972115676 113.85320835749899 128.10354743068092 103.79926354632913
28.9 221.79089509709038 117.33387536858484 132.24889950429994 107.15136158994652
30.5 218.4559050407517 120.34007618664208 135.91518270719308 110.4830484509685
32.2 215.80374285619808 123.69931835694048 139.9275650573976 113.40347823507734
33.9 224.7378949440936 126.86638438283148 143.69920075916363 116.04351475986562
35.6 246.7488950528795 130.09030271878856 147.16580316032383 118.88490485344548
37.3 265.458405960792 133.18478164707102 150.64284920893394 121.93373046988602
39.0 300.87424801770754 136.11767405529184 154.1129672809438 125.41338077430812
