0.1 0.2858301494969587 0.29875627193758353 0.29867403679923493 0.29776899898689296
0.2 0.5028244593007322 0.5875485624742522 0.5867444779068314 0.5779934511704942
0.4 0.7073504511492594 1.1417078556048637 1.138104932346281 1.0994416594415883
0.5 0.7481823768170248 1.3721078212816198 1.364671719171932 1.2861436519662772
0.6 0.779128575871538 1.5694780359959344 1.5570610284315107 1.4279010813349293
0.7 0.8134247769799747 1.7339616473960022 1.7159407944124285 1.5306283974520631
0.9 0.9251700554818706 2.1015999957382285 2.0749924569454987 1.802862475224698
1.0 1.0171333649519676 2.1953775273064062 2.163411736559235 1.8356281379771922
1.1 1.1452056380262146 2.2679937317073846 2.2317304833690152 1.8553259819302679
1.2 1.315952825538753 2.3243071825122827 2.2850629049278868 1.8681014540500116
1.4 1.8075717007404266 2.550910223231838 2.506984007921778 2.0231339369733834
1.5 2.1585675130722546 2.576710793866974 2.532926884159909 2.025380216088105
1.6 2.605270807581856 2.598495571485358 2.5563546640914554 2.032906719966035
1.7 3.1642605670612403 2.618709824886948 2.579631469443554 2.047468328906207
1.9 4.610381044342525 2.785872314639797 2.7492561192223355 2.185424994073084
2.0 5.403863055606197 2.801629073519496 2.7710310356681385 2.2134739561103887
2.1 5.764138337831062 2.821017388786732 2.797597697067849 2.252900060954301
2.2 5.202496805008945 2.8447462519088536 2.829569509372463 2.304518664886458
2.4 3.9771749847790043 2.998225725701584 2.992005030318954 2.472173952140462
2.5 3.5355187842242666 3.0281098471272414 3.0324133862364944 2.549723204045159
2.6 3.2264475914162567 3.063812645914166 3.0794099270213544 2.6428229219011934
2.7 3.035072584806188 3.105335014235789 3.132874242392118 2.7524475784799765
2.9 2.957533515292241 3.265183596084646 3.3029354334310352 2.982457233235018
3.0 3.0659451514423317 3.3159555563121805 3.359635235490876 3.12965168746722
