0.1 3.9064964745797925 4.082990188747614 4.081880278097121 4.0693387163802335
1.9 20.618402590023017 37.80105172977938 37.34438729861487 29.438684329579466
3.7 34.43798640368862 45.37218333004984 49.19284272717555 39.19876277932104
5.4 47.29084773073838 52.20048246626054 58.62937431111165 47.249337406308726
7.2 61.15261603130137 60.68254587359344 67.84050214124947 55.02157400901495
9.0 74.9704884871125 68.25596871241086 76.18176964859609 61.80974010050189
10.8 89.2626807124044 75.13104675052193 83.64545571741604 68.05880457997044
12.5 101.42137434617305 80.81716284150971 89.94477370743411 73.16429807642389
14.3 115.61628471821179 86.77248594130849 96.59482784928953 78.60988406519986
16.1 128.0234217326828 92.32442320108974 102.60053050267561 83.4338320221997
17.9 143.19213599793764 97.31519144854582 108.68424605218539 88.12654846810544
19.7 153.03236642854162 102.064569973585 114.03796709131636 92.7526622827165
21.4 177.29134492710986 106.09786081056684 118.83768135678464 96.47751732496526
23.2 175.62070812841546 110.47147060040665 124.22403227219255 100.56801864502613
25.0 178.13134668589828 114.73678332691779 128.99201677209942 105.02938564825882
26.8 205.7386477833295 118.76615562444925 133.62047541971577 108.31942819927669
28.6 240.10407658362783 122.73119696400974 138.26609781751586 112.00282355697776
30.3 257.9012981033716 126.11427148213275 142.410907532895 115.69354004079952
32.1 253.0523618132647 129.90547311350343 146.91619811109888 119.12311969979521
33.9 244.9633338152914 133.44939684812786 151.1604063326748 122.04912643605424
35.7 247.0432817330045 137.05692438665724 155.0421142485153 125.26891856739515
37.4 262.3635877999627 140.128471084086 158.5090440009863 128.45052539745348
39.2 282.77982370310804 143.43182878868498 162.39794558380896 132.16010597490663
41.0 301.050124388548 146.7749386678071 166.2311213427334 135.17060745350418
