0.1 4.097057278217831 4.282160426860049 4.280996419028273 4.267828768102408
2.0 22.29029674690354 40.350448308417924 39.95803144162474 31.467292936895785
3.8 36.80592344950643 47.367653318007605 51.72444461279792 41.25483291815362
5.7 52.22899881656713 56.470508230470905 63.349105069884 51.146894930692554
7.6 67.59711463461197 65.67675807626308 73.45756920554999 59.497544846408346
9.4 81.90474434769962 73.08162638067492 81.49728287021752 66.25699808245906
11.3 96.92998168843917 80.57864936848128 89.70637211295218 72.88515472418842
13.2 111.77510737077469 87.48462366422862 97.30916010544905 79.08767422181029
15.0 125.77091623915793 93.302653004482 103.80083455801689 84.30735797013757
16.9 141.14570110448832 99.22430571946435 110.45519498727724 90.0207522966676
18.8 157.11599043298867 104.63261986752909 116.93053189612623 94.82002702598648
20.6 174.78538593630915 109.26233574416058 122.20137989750015 99.52159038897729
22.5 178.75876411631086 114.24272299184176 128.2090322446666 103.84115949252751
24.3 206.95077436249252 118.51039824094606 133.3024818725059 108.29165412327983
26.2 199.85160597630798 123.06607886863846 138.43108307277453 112.33239731897227
28.1 215.27614234716262 127.57568146880655 143.60933337864887 116.31560294768902
29.9 248.13843672811834 131.3527139321657 148.26812945380848 120.33507538599257
31.8 282.1662236970334 135.63625334203914 153.31498295660393 124.46079215710192
33.7 290.4818931625002 139.575633080165 158.12426999718951 127.68278116290541
35.5 283.27511726132946 143.18090400126314 161.98505125636578 130.85530998120618
37.4 278.77137135783516 147.04341451695862 166.3275300537277 134.73768300830855
39.3 288.2675560562815 150.7177680857257 170.65332798579539 138.9867092769769
41.1 303.45776289005863 154.07782586892347 174.48674325534054 142.04236919056177
43.0 307.51434857272903 157.80875926041404 178.65626493446814 144.56979067439548
