0.1 4.287618081855868 4.481330664972483 4.480112564885933 4.466317086527911
2.1 24.062223023838673 42.927795016548956 42.62797706623182 33.55705184705554
4.0 40.18310269509959 50.67496041838534 55.713222146409954 44.45433452750306
6.0 57.50923903777115 60.88388127056173 68.26635595938612 55.20161436100507
7.9 73.29195210459166 69.92046506275301 78.1174491667407 63.30587841428504
9.9 89.40555140264583 78.84892441438927 87.90637852587462 71.37280879245976
11.8 104.97828352700364 86.18185229303249 96.016310476333 77.98389940213113
13.8 123.2128821317329 93.69957023690965 104.20128046598076 84.70569326202235
15.7 137.6237809920872 100.02812622381117 111.1220850330145 90.30650678216365
17.7 154.75986926015116 106.25476598932684 118.59106122213366 96.24629119857724
19.6 169.96197329290786 111.56475810301961 124.65257327891773 101.37035425884915
21.6 192.68407801192112 117.17112871544434 131.26879410147663 106.52616928476803
23.5 183.7728104691553 121.99877745847712 137.28787102134763 111.15812498022771
25.5 236.42271475070626 127.18106825092599 143.01184352501272 116.2682610406321
27.4 234.46241495471764 131.7032564275374 148.19116653595052 120.04973661750533
29.4 233.01150591980837 136.45391216684993 153.9183771056544 124.78783908023006
31.3 255.7096122390457 140.74791200124503 159.0345018257617 129.37679727281017
33.3 298.04167633094187 145.18174985380477 164.47012542487101 132.86839354426533
35.2 326.95047602902366 149.18293631657525 168.81483473270177 136.3445691835953
37.2 330.6211396750335 153.51728078648057 173.62523941340268 140.5974636675421
39.1 325.1113012955514 157.1796993345554 177.9608275685536 144.8373365365746
41.1 330.31228872653696 161.31349958749152 182.68741174989339 148.64622665839568
43.0 332.49417689640774 165.0457940548425 186.8650400190894 151.35855071663337
45.0 354.5956986723654 168.78560812772983 191.3301720109873 154.5780148311325
