0.1 4.478178885493908 4.680500903084919 4.6792287154845456 4.664803626111637
2.1 25.131655158231474 43.46519449196387 43.297666652786205 34.0885511667045
4.2 44.0438414454719 54.07384555289429 59.76170449613935 47.74826484259766
6.2 61.86746692748325 64.359323424978 72.07562997751255 58.338906201906674
8.3 79.77502076944239 75.1585580101365 83.93148787701826 68.12111062178356
10.3 97.07027501714637 83.89886146938454 93.5784546621338 75.98452568408871
12.3 114.42021611090576 91.9337298312318 102.34753072311203 83.2922622505784
14.4 133.1806749625834 100.00443553541628 111.33818275411669 90.57555284085437
16.4 149.2152097521566 106.77810541741388 118.72731280228513 96.61506046372439
18.5 170.25828107309485 113.48548470791322 126.84201325305997 102.77828596665569
20.5 185.97241048720045 119.22453649650895 133.31128199547197 108.63302298574027
22.5 201.8375442352725 124.73269839191933 140.00018691082676 113.38454921933064
24.6 204.77999408705554 130.558521237696 146.80307625433073 119.40752634839055
26.6 246.27415101226893 135.54730087932177 152.49253481844468 123.64931031700343
28.6 277.0569975271536 140.44980289841584 158.25089628155482 128.19878439975128
30.7 261.40144182478775 145.6447430444386 164.51155955909599 133.78877294198696
32.7 268.43405988432244 150.20568591738243 170.03948784789776 137.57764908112617
34.8 308.9493481124587 155.0622395292053 175.52911368737605 141.73636043704403
36.8 353.60739183023725 159.4894962351187 180.3302413216235 145.91850178411255
38.8 384.2431707671477 163.53852590839048 185.13742500052192 150.5452429178561
40.9 384.995122763363 168.08625925134496 190.35917331478893 155.0293703767445
42.9 377.25970407710395 172.2505618032393 194.99485802067983 157.89061929882993
45.0 376.80715136117595 176.3557699288545 199.92060684814456 161.48091546814558
47.0 367.84500852468864 180.13827797990376 204.2695703388636 165.12175786000068
