0.1 4.668739689131948 4.879671141197354 4.878344870659133 4.863288341994809
2.2 27.00287143784466 46.07898305921547 46.06357589298591 36.2848157666536
4.4 47.96168448197201 57.57002295626377 63.93612220653251 51.15053895874833
6.5 67.00802964958423 68.95895069818876 77.18457011355937 62.560113944705286
8.6 85.97314766286011 79.598639358901 88.9219605722229 72.05974393653347
10.7 105.7811465109243 89.11036685923122 99.2217458696466 80.74391470790621
12.9 124.6495971895235 98.5082697308195 109.5965540472509 89.10186894528925
15.0 143.32180762094518 106.45455010097386 118.44553994388427 96.20040462592434
17.1 162.88342915380005 113.63734877144715 126.59534231638182 103.0504062993122
19.2 182.71957191412395 120.1993134083161 134.3071817501709 109.07000756286827
21.4 201.22908616742777 127.03365570450532 142.26826008227465 115.52791500386542
23.5 214.1673447206957 132.9552683662121 149.6035376226741 121.1263458453666
25.6 244.71316892393085 138.65294866624058 155.92113754360219 126.71356714844653
27.7 252.55653748681965 144.20394368357324 162.2571056763085 131.4248325541198
29.9 302.0046331238353 149.87770735959904 169.16291293741264 137.26935791832264
32.0 299.6649410112698 155.06831832132167 175.33764804695247 142.23178201620502
34.1 290.49240617972663 159.88867814838486 181.07695003808394 146.20489703470435
36.2 318.8433610824199 164.8312851863263 186.36879415983066 150.67287228838455
38.4 362.8337674247593 169.7963317281849 192.17605749327493 156.05029800634756
40.5 410.340649653232 174.3276017187149 197.42993552605836 161.0014521761953
42.6 438.27774752857795 178.9447983252717 202.56169982740724 164.15558970180987
44.7 434.3140636931511 183.08592717233736 207.53008191294404 167.64926742012346
46.9 417.9781940789109 187.6448332117096 212.7951980198761 171.81722419649302
49.0 405.69521103704886 191.86950197249425 217.40693560951482 176.16428418207892
