0.1 4.859300492769987 5.07884137930979 5.077461030262651 5.06177118996864
2.3 29.035668278457806 48.726051653501024 48.9002609409664 38.55050435167025
4.5 50.9695649340963 59.83964181563674 66.69846960976471 53.45151181912659
6.7 71.422430734401 72.58973168680157 81.26083918656803 65.82845815615961
9.0 93.25597348379739 85.08700892328316 94.97609343013683 77.03713036220873
11.2 114.24781227178934 95.24290980262633 106.01828586414734 86.15984330999218
13.4 134.76349795406696 104.50308346338774 116.22449294578267 94.45417478222069
15.6 155.07632554331943 113.07269274717227 125.63729187108973 102.0867479700097
17.8 176.37976047488345 120.64090640781359 134.7025187990162 109.25751513497251
20.0 196.7488463662295 127.75687057866888 142.7388479778508 116.2704058310894
22.2 216.08852875532244 134.48235197086078 150.81023813448965 122.19420386254046
24.4 233.04148531666252 140.86970348144766 158.42726590075296 128.771200475947
26.7 287.29357669530106 147.50517976372865 165.94748892636508 134.54815285767938
28.9 267.9980482023531 153.39153993651203 172.89322861636992 140.08390252698146
31.1 314.0020024705309 159.1110358072388 179.76405163631784 146.39042409748194
33.3 341.8524361229263 164.51867837652566 186.37749919579957 150.5629213212291
35.5 324.15541263374695 169.89080443991972 192.20669152902076 155.26668918264167
37.7 337.74323266453234 175.03176857591376 198.0258411035004 160.53733561017168
39.9 372.52306307083626 179.98173234090967 203.82195355436772 166.36669125857534
42.1 423.9298518134209 185.03171480624408 209.4921800513939 169.95499292651218
44.4 465.31331246516373 190.1294448185331 215.48625121346404 174.12345466736392
46.6 478.868784059146 194.67817262830832 220.77114735731274 178.30906785227285
48.8 477.362625616251 199.2978794181626 225.856874960571 182.7946613410002
51.0 482.8594876412188 203.95993086968448 230.7462559574242 187.77675015462077
