0.1 5.049861296408022 5.2780116174222265 5.2765771941637 5.2602521264417765
2.4 31.17460760779799 51.40781393712154 51.81187799244536 40.88615107963559
4.7 55.034121593430555 63.52527881989371 71.00582834087787 56.95545330131806
7.0 77.19643373757782 77.37642552605082 86.52772902602948 70.13635916373656
9.3 100.00170494625556 89.69406478601589 100.04430538903523 81.35852324618968
11.6 121.80853771129651 100.64559703249112 112.09165986748083 91.04053669679863
13.9 146.12525698417127 110.65390345693193 123.05844891411061 100.05600604373831
16.2 166.3700484095249 119.72859983000794 133.07615106059643 108.23674095863801
18.5 192.04312398975776 127.80198661159096 142.83896224594895 115.75355770172823
20.8 211.39763939569437 135.36655129699025 151.4478772265779 123.24038473024933
23.1 233.22529496568123 142.55980717997545 160.25807004703213 129.73911412730357
25.4 261.56282066075426 149.4426147052874 168.0372620944138 136.64506398371097
27.7 291.60416297645986 156.0818074528967 175.6216951920706 142.25145439522916
30.0 293.575785036038 162.29140429791707 183.2010149422256 148.70522209667985
32.3 319.1641820239067 168.4520885104608 190.57015221749913 154.40741034362492
34.6 377.6413616503354 174.26114833442446 197.28485787026383 159.29696792145927
36.9 369.0698289040737 180.09380054495773 203.63971207509135 164.80877714112162
39.2 368.3403524237489 185.46361258883115 209.98782106388038 170.94593918916402
41.5 392.5765469502846 190.9459827293399 216.22827731469545 175.73786356821142
43.8 434.3101647885891 196.21163435469526 222.29372356162526 179.75185428439602
46.1 481.500517594585 201.1665435913129 228.1175710711466 184.1973704222489
48.4 527.6362216228304 206.20508795769032 233.73240112781806 189.10942763035771
50.7 542.5059635962139 211.2970699638479 239.10821050431343 194.43263097833187
53.0 513.6187903650389 215.9183751651283 244.30848044005967 200.0951052297743
