0.1 5.240422100046062 5.4771818555346625 5.475693362244662 5.458731108410736
2.5 33.52571503982878 54.124808061965396 54.801625264491086 43.29187909473601
4.9 59.074805561050084 67.32146409490561 75.44680760374646 60.591430626113315
7.3 83.10164671192267 82.27645256194181 91.97722901381202 74.60882180108887
9.6 106.59614804048061 94.42663479646417 105.26774344328304 85.51916739412468
12.0 130.46811768791915 106.19008051547982 118.35462750447198 96.14684463697155
14.4 155.84972581906234 116.83832996822825 130.09641583918096 105.79727098089307
16.8 179.2388804792275 126.47171207400874 140.74740246944066 114.67431233436375
19.2 205.0881149799152 135.05816381992494 150.91085347220894 122.53748768037292
21.6 227.26785224826196 143.18267660500103 160.41077488414348 130.17154489310659
24.0 252.40162813809334 150.87034875414543 169.80372426949788 137.66423351152685
26.4 288.3626570206213 158.17911871050126 177.93682040982006 144.34583984292007
28.7 286.31900738180605 164.6489523518235 185.54464422192837 150.31858706370136
31.1 327.15540457710716 171.46452359977195 193.72526756165215 157.75374748743008
33.5 329.71693038429197 177.8883460415331 201.55090968766993 162.7550512784752
35.9 399.95147722014264 184.30178898302518 208.44334864378706 168.44695480750823
38.3 420.62782471075207 190.29129686648048 215.36248083003707 174.84045877221743
40.7 413.5462642329855 196.21186853156087 222.21406548533218 181.09356805703393
43.1 422.00146642909937 202.15301652194128 228.87853175608305 185.3039749673723
45.5 444.4339014557321 207.51865498593622 235.278560098111 190.0048022637989
47.8 495.63515575596773 212.53113682171553 240.95998998831075 194.78695439573278
50.2 562.5445220280084 218.065988121867 246.87014425218513 200.4763536334405
52.6 581.8026071239283 223.2298711584152 252.56927257658083 206.70701356658708
55.0 589.3682850228985 228.14634634015871 258.10378012396706 211.23480868943253
