0.1 5.4309829036840975 5.676352093647097 5.6748095343999365 5.657208093433
2.6 35.939320495951776 56.87757653565385 57.872759729349525 45.76713378224856
5.0 62.21579152158598 69.83434020133453 78.32865557464513 62.97187964781968
7.5 88.44565037918241 86.13412760821188 96.32296806059603 78.03966288886492
10.0 114.25233164639423 100.21194415513432 111.76730945979136 90.7170562987019
12.5 141.0004295352009 112.70232756081954 125.44391020460483 102.05669251063895
14.9 165.708902715296 123.16412316242524 137.05281907150436 111.31162428800431
17.4 192.82661556091222 133.28026261738594 148.63285525454816 120.77500702749153
19.9 218.7895584540241 142.5149364849168 159.22826026924963 129.62986847351104
22.4 243.662632736578 151.18006296502833 169.60232887073133 137.38936454047732
24.8 272.66565791968316 158.76026506878452 178.47332049607115 145.3945601950088
27.3 298.319858147196 166.56347218326033 187.41272667184523 151.83439003665814
29.8 297.042954222538 173.99445989370196 196.36385641716686 159.31487995186566
32.3 360.09692874624017 181.28068867408493 205.07015086502807 166.17911785788635
34.7 353.45026037086967 187.59683608282342 212.361544829206 171.47515891943496
37.2 408.3973113149618 194.4104117011501 219.87536192853457 178.05337527107616
39.7 461.6748385689725 200.7772812632386 227.35944290941106 185.40235673423237
42.2 473.01023182419226 207.27273910964547 234.67193820194834 190.37867558090582
44.6 461.60501994870634 212.7891972117932 241.19067075775646 194.85456530748107
47.1 463.00356362432825 218.68665087186858 247.98546122241322 200.32574575769962
49.6 515.9760491975796 224.669805805879 254.47399803525175 206.3421850993223
52.1 579.0590477673005 230.44323242359013 260.7036074696104 212.86948044572475
54.5 642.1457356201629 235.32004829484697 266.2453111268438 218.17447505774123
57.0 685.2611620674325 240.718387326661 272.1722969688575 221.9160458088809
