0.1 5.62154370732214 5.875522331759532 5.873925710534645 5.855683039602389
2.7 38.531126791932465 59.6664955328332 61.02862508590098 48.31048487708253
5.2 66.12585921024824 73.8350100040524 82.87999767600411 66.71082612653922
7.8 95.03104434330368 91.20495232397674 101.94920117561182 82.58228808380717
10.3 121.85417502151752 105.08797946374123 117.18684843299071 95.18464541343225
12.9 150.08829049725176 118.40051369579743 131.72276364574407 107.0827181859155
15.5 178.31068571322953 130.4719778828964 145.0018159425594 117.80536101688826
18.0 206.57301215980226 140.2649550007767 156.7148562584409 127.00299203817184
20.6 233.6157023334098 150.03543908337124 167.79160975039855 136.66824797008522
23.1 260.4435124759294 158.53217848014143 178.23486856775034 144.29109440370155
25.7 293.47792303720576 167.28338278122456 188.12440645249558 152.84332634362238
28.3 311.9473814253896 175.6706768477321 197.81141304739768 160.21908378768015
30.8 328.163143681538 183.01404812869632 206.73974293613156 168.20887559402755
33.4 381.94950994136724 190.62073442674608 215.96967153595386 174.42938335892097
36.0 393.032057416453 198.13196604725633 224.07565305428562 181.08899737496057
38.5 422.99449395756335 204.59382900870065 231.57653126951737 188.1187734921426
41.1 473.80154703075186 211.5591983616427 239.58747801260176 194.98549924204133
43.6 516.7816090556306 217.85900130485652 246.78612150577158 199.6047372469505
46.2 509.813704581382 224.1943791358739 254.23690250069984 205.29344847827736
48.8 497.3537110659919 230.63277533227918 261.3702966578648 211.57912624705227
51.3 534.0589335362499 236.64377392775987 267.6593196367921 218.04202662886544
53.9 595.4886947996467 242.37752538774606 274.243942037911 225.14336294825205
56.4 680.3982310121024 247.74109711118825 280.17410776559245 228.54327029862728
59.0 704.940321368722 253.6224305489491 286.53682927932795 232.9635328852728
