0.1 0.4764020151592005 0.49792704527698906 0.4977901744942809 0.4962796197165127
0.3 1.0609570365933836 1.4417399070992238 1.4380604502675738 1.398687375629936
0.5 1.2541069200187238 2.248186341881391 2.2336982762146884 2.084681377586401
0.7 1.3569995351072364 2.880573739971169 2.849319515642779 2.539855966678251
1.0 1.5756169290327897 3.7197629820500304 3.664929015098677 3.133439720826219
1.2 1.7706664308373616 4.0179508880534245 3.948161016019293 3.2655137904465894
1.4 1.960664863501296 4.226637343412 4.149488739058248 3.351750750249353
1.6 2.114963212691174 4.378806147699882 4.303981551029533 3.4244313049827984
1.8 2.23030479455933 4.497945208094047 4.436460737428139 3.5007979188156204
2.0 2.346482509744366 4.599108466542411 4.5629796105730716 3.5883776291007066
2.2 2.5090028790612795 4.691023594419897 4.693076509772248 3.688633981805795
2.4 2.763250647543813 4.778164577397552 4.831758616981252 3.7993034944188793
2.7 3.438208307823514 5.049447253785807 5.172584576536105 4.066656103119304
2.9 4.177064966201038 5.121028343782057 5.324475520655135 4.177902402860601
3.1 5.230051359223336 5.191925359470576 5.480425540110999 4.286648874746361
3.3 6.6015246372360314 5.262358785584394 5.631697340873865 4.3901814416811265
3.5 8.210810411738219 5.333117703399278 5.778717174340609 4.488507030477706
3.7 9.766134369376426 5.405567808137907 5.922612423355235 4.584486929726946
3.9 9.400506800082196 5.481489714367599 6.060608925218346 4.683409559652341
4.1 8.664832882386518 5.562809166915924 6.194465470525014 4.79219685701042
4.4 7.379468425027708 5.78274082442816 6.475201946991633 5.019138161540407
4.6 6.49834286595127 5.876157413708279 6.596304095370164 5.138190447336807
4.8 5.879071974599793 5.979539348957346 6.721457956073081 5.268490381492827
5.0 5.673717141419291 6.093058894170047 6.8367649275278914 5.408277724785265
