0.1 5.812104510960172 6.074692569871967 6.073041890563314 6.054155905526496
2.7 39.837266683184374 60.2596418084892 61.976002463016165 49.101260075936096
5.4 70.35955394085452 77.94862148636913 87.5646694355394 70.55180901161121
8.0 100.40521414007647 95.22734913703339 106.33829036643982 86.2270082155362
10.7 131.68673341155977 111.1235131180353 123.74874472094703 100.71767354099333
13.3 159.8373043883944 124.2335526024777 138.1706571622579 112.28918682435784
16.0 189.51489955239956 137.0225352363231 152.2400190940779 123.77272765291112
18.6 222.11347938444374 147.3341954458943 164.65692641831671 133.47909266155813
21.3 248.40213449149095 157.69790577448947 176.58525969137247 143.43150822409507
23.9 278.97973312311944 166.76799333430895 187.70818605967946 152.14822505002522
26.6 313.267844510238 176.02668331231817 198.02859312397013 160.57879929622234
29.2 332.695966518184 184.2152036802963 207.74494259495714 168.3879412098176
31.9 375.6676239204571 192.81571619135698 217.9718430109215 176.89905515417004
34.5 395.1893768892385 200.21049379411986 226.67416618843617 183.02399534580348
37.2 440.65869863526194 208.16900095382167 235.42905880089214 190.633241853283
39.8 448.9934932526107 215.04751323026528 243.52651002765518 198.6847623290309
42.5 481.7437033072189 222.63136817123998 252.03008119607077 204.30723146050187
45.1 550.5115990769284 229.00772034485632 259.61502977056847 209.6814988969907
47.8 561.7875037918037 235.90584037484658 267.4683449510529 216.19713695073042
50.4 546.8183989571389 242.40757495833026 274.3827643023969 222.93092266527458
53.1 557.7863526698422 248.8448982984078 281.5629125412687 230.7665842244043
55.7 617.5794465278726 254.61987999154087 288.01009311548563 235.36047346368986
58.4 694.5424021756274 260.93150097196633 294.880144482548 239.7972540292002
61.0 784.1046637310283 266.83416219377284 301.240411136197 244.38456154525642
