0.1 6.00266531459822 6.273862807984399 6.272158074408873 6.252626650306014
2.8 42.62369438252219 63.09901710818086 65.27177649154692 51.744459137071615
5.6 75.13993273537706 82.17561570747736 92.23545218976761 74.39878290812862
8.3 106.93247464840164 100.46303692634035 112.19453597506195 91.03505999212229
11.0 139.26085806139827 116.19712413370918 129.32989096532913 105.1376410048386
13.8 172.49804759112715 131.1423909070652 145.84029073490603 118.55446780450612
16.5 201.24810245175036 143.58550836997875 159.6788046260855 129.97229905053513
19.2 234.9191098329476 154.50992005663076 172.6423574127913 140.20503350529398
22.0 265.15306364255974 165.5600786577403 185.58543979523424 150.44710306630793
24.7 299.16994206364495 175.22703238981782 196.98230406215373 160.35494546482983
27.4 330.659931746389 184.33310155253716 207.4064692863736 168.01746959268442
30.2 362.33776144278164 193.61763363679503 218.6034834292469 177.52005799352168
32.9 423.5204959045135 201.9675438499541 228.6949909934006 184.92921714030538
35.7 411.00011153616566 210.64283229309294 238.2831033338627 192.51029873758986
38.4 486.75077878172084 218.262622566544 247.0306616541859 200.60192223269422
41.1 490.2679937953799 225.77706299009742 255.68679079253246 208.05396944521274
43.9 494.8007041694192 233.6104768296879 264.67476031551854 214.0025729017238
46.6 571.5505804620798 240.4422182299437 272.6690328729671 220.19983019991884
49.3 612.9718117116861 247.4173400581056 280.28956682768455 227.14637210764755
52.1 609.3144186993945 254.678999075235 288.12306965715516 235.28368385229572
54.8 595.9415791959503 260.8716117861364 295.1393428726168 241.68322170715084
57.5 643.5006742093727 267.1703774557169 302.0288292932849 245.94343672166838
60.3 718.3880272899996 273.9880901809008 309.40021455474965 251.12828786975624
63.0 782.5664469028623 280.3236761967944 316.29982218722853 256.29820285510556
