0.1 6.193226118236256 6.4730330460968375 6.471274262001709 6.451095233515093
2.9 45.37173865011364 65.9747532194084 68.65665256355895 54.44780620368534
5.7 78.95081216457794 85.02159645216936 95.36020369986356 77.0200152567668
8.6 114.04601220583508 105.81925011868897 118.2075072843856 95.8038530821993
11.4 147.43630423499093 122.38576571840467 136.26417683696607 110.69476101794989
14.2 182.3649829584836 137.15714183494438 152.63642560050315 124.19924616698
17.0 214.69134677688658 150.22067514925595 167.30432476279256 136.252747442878
19.9 249.4970350837683 162.6765587315193 181.75422619342288 147.94306120684456
22.7 281.3712797374459 173.46712137826492 194.7774056297885 157.72057777564532
25.5 320.0431222238055 183.64626404866965 206.50463264295064 167.87724583138322
28.3 351.5990076456555 193.36693488091345 217.75448951175287 176.37400810528106
31.1 389.6430568050515 202.615664927969 228.9195843456154 186.40446898420467
34.0 442.34292083315404 211.9654073772192 240.07923999239338 193.84725971130985
36.8 438.55052554820384 220.64406468505211 249.469456858224 201.85638634470237
39.6 501.4920196648572 228.60592701721538 258.86594572057305 211.0338578253877
42.4 541.884615778958 236.7753307420721 268.0456304573189 217.30866367686534
45.2 520.537805860276 244.19404527823247 276.84355653163004 223.58245950187464
48.1 585.2412786683165 252.16282489657814 285.86691735382635 231.15805133946495
50.9 653.0449912994345 259.70452131255973 293.8369698756573 239.05548784454382
53.7 676.2366905605004 266.45718188251595 301.49261145287164 247.62370556682114
56.5 654.992841380954 273.19436111015074 308.94712716447725 252.01923716988495
59.4 673.4545261697356 280.4926560963885 316.85569270621136 257.3852607889565
62.2 741.3367345839528 287.3228327802044 324.25286034376256 262.92099945425645
65.0 773.5621454310967 293.5871043367129 331.74573010177994 268.8145772540788
