0.1 6.383786921874295 6.672203284209273 6.670390453278902 6.649561615183949
3.0 48.173228395932504 68.88677600907626 72.1003572258792 57.20800706203718
5.9 84.28508054601357 89.43106810116073 100.26468507568391 81.08880460690864
8.8 119.90320382644212 110.05473941534864 122.90005617405787 99.604649356511
11.7 155.09937889419786 127.6295445109188 142.17358700980446 115.46999656009989
14.6 191.67679209390178 143.2461274609872 159.55345272595102 129.5871395159459
17.6 229.12920271946814 157.84497483935223 176.10220845670756 142.99843822862667
20.5 264.28730994786906 170.09359989214946 190.17743040600556 154.99322493156166
23.4 300.08349177210926 181.4861532626098 204.15243245633604 165.27962659962043
26.3 341.29893145934176 192.25103462959834 216.25671240176746 175.45773970929056
29.2 371.42999099863624 202.47469218107668 228.32332648641517 185.0567651607244
32.1 408.27444414296787 212.3369481746645 240.1332022145976 194.7118743697862
35.0 434.58065667203624 221.57942061448705 250.7788265390588 202.51485863949395
37.9 484.4701190983589 230.56447300611674 260.8826381377203 211.58960817969486
40.8 511.2602361453011 239.2041476761018 270.89985148283034 220.65732704232087
43.7 584.1797923870575 247.6843937124601 280.5926327862965 226.9141831313852
46.6 561.3977456052627 255.57938358923013 289.8342825765298 234.0659826395329
49.5 597.0190407518196 263.63304526940715 298.61196180267564 242.1105671665687
52.5 683.0028670259427 271.84525581239956 307.56650436631924 251.51319447652773
55.4 737.0312667733882 279.0126150638071 315.6279700028796 258.1083311177904
58.3 731.060019251572 286.2952792573135 323.5523309671314 263.1830132201776
61.2 724.0706088947106 293.6251867716891 331.4688816407661 268.84357655082545
64.1 778.316616085546 300.649453341306 339.4614682251998 275.14784986113153
67.0 836.8528583195895 307.0724175615945 347.5746513260935 281.9547169690212
