0.1 6.5743477255123315 6.871373522321706 6.869506648183494 6.848025755781976
3.1 50.999833418878254 71.83508667712968 75.59187365954676 60.021626067060616
6.1 89.53098473734477 93.88049939697726 105.21570183535103 85.10318935148173
9.1 127.54217204905271 115.54796330974716 128.93730162644195 104.6831586837373
12.1 165.10996292112944 134.08389933264377 149.40786674760506 121.42137715303298
15.1 203.11796390507064 150.4496919436887 167.3504425888902 135.92488056953758
18.1 243.1858797415953 164.7356082806572 184.07809729371888 149.15310057917435
21.1 278.4589554488465 177.60719602167777 198.80278672009482 161.60046282526326
24.1 318.2055257330984 189.69261793466933 213.46087755816077 173.14469609279968
27.1 359.5771318167025 201.06214482432802 226.2197131379501 183.31658655190736
30.1 392.7542585277562 211.7954876425048 239.09568929775673 194.09962439527715
33.1 425.1261240257925 222.083132760804 251.5151442574249 203.30552435314507
36.0 438.5846523983536 231.42459861424928 261.7051581210907 211.52258277737667
39.0 539.6113236547467 240.70803276653785 272.5189250295752 221.73554520615386
42.0 529.8445706336545 250.052372319815 283.1160411469489 229.74736273731565
45.0 610.3027284987161 258.69911555516654 293.2673997920552 236.86827656097245
48.0 614.8811685053063 267.23115112800247 302.953655944245 244.96084028398218
51.0 623.0948392044133 275.8881960902055 312.10950187529363 254.02028822800816
54.0 700.2686187685788 283.5984787547329 320.8820589672182 263.31072393330595
57.0 789.215006603496 291.3489060264192 329.4240539418256 268.47830640814124
60.0 810.5164560556519 299.18682342447073 337.8878955789558 274.2979050115759
63.0 799.0325511082002 307.0047858734927 346.4025473474048 280.7703615151198
66.0 826.4269676140631 313.9280880820117 355.03901861728014 287.865613820672
69.0 837.4027658645596 320.86159703898426 363.42928324592924 295.68779280941044
