0.1 6.764908529150372 7.0705437604341395 7.06862284666393 7.04648761620235
3.2 53.83962508833456 74.81980439271139 79.16299405459681 62.88490295957338
6.3 94.72551429268592 98.43513068542799 110.20776130817158 89.22559916021866
9.3 133.96454813554973 119.8629608091139 133.68285026348735 108.71389200261903
12.4 174.26969311996058 139.4771926815593 155.25387970053453 126.3194537328695
15.5 214.57726585838162 156.78069716406404 174.2251894384725 141.55365019186058
18.6 258.5255250669227 171.67623308831207 191.86263985074228 155.51822013422532
21.7 294.8401116379879 185.28835948634 207.61141141492257 168.42799494757324
24.8 338.87784992003805 198.0848425244915 222.6730358045175 181.31856004177055
27.8 377.6127198371242 209.3274408062944 235.53567458948083 190.7728951188459
30.9 413.56353394572625 220.62515383345706 249.23904428668888 202.85246707625834
34.0 447.27709775753647 231.37058205266396 262.048362292158 211.58318955282945
37.1 473.054125650608 241.91344302892773 273.57570155864653 221.48712127825087
40.2 565.6623958988814 251.71298376831 285.0605659070102 232.74870944083133
43.3 563.3454550584752 261.56319943486517 296.19544712161405 239.71878401823858
46.3 621.7991328795017 269.9618282292588 306.14511468566 247.21058815488462
49.4 672.9362462177095 279.14627714407555 316.2120576753908 256.3092760157167
52.5 663.4821619897598 287.93787223227423 325.7770006843794 266.4502984295929
55.6 722.1975433747407 296.1439332164031 334.990214722678 273.803043005224
58.7 831.5677648467505 304.4739111105953 344.0408422036614 279.7029214404196
61.8 885.7843766450304 312.83745949627536 353.09224171922693 286.3062361932238
64.8 881.819950206511 320.1282861163251 361.68623512669245 293.17469197461645
67.9 889.3216313512287 327.493660963979 370.98434236042146 301.14063940208536
71.0 875.4248704906845 334.9427723809184 379.0808555651938 309.95423136140124
