0.1 0.6669628127316313 0.6970973944792966 0.6969062572362074 0.6947916197144318
0.4 1.6569569515282907 2.6277561165099868 2.617231923641831 2.506312082535283
0.7 1.9002813280476845 4.103904994025742 4.062659012373443 3.6516403869764464
1.0 2.216547679205759 5.086688610010381 5.008061646738586 4.246510299895353
1.3 2.6850882138755026 5.704881966456957 5.601334846441635 4.559142418508424
1.6 3.1620085325676603 6.107028032000492 6.003035050169037 4.774882404930074
1.9 3.529758434290515 6.398973137623348 6.325107815493556 4.9847286962097614
2.2 3.8366734085157446 6.64103156259884 6.631351284464119 5.22301031513385
2.5 4.114488567975154 6.862309277647307 6.952681065853882 5.494198362095155
2.8 4.302944888631065 7.07451479606128 7.300267674542721 5.787858413537093
3.1 4.37092506794512 7.281528995924969 7.663088926257226 6.0881685052617875
3.4 4.430594799224534 7.485069414099139 8.013554744548106 6.381194480902267
3.7 4.664788149727408 7.6872021477577155 8.349345969501544 6.65957859774589
4.0 5.240347393284412 7.890714285350125 8.671729574965585 6.923469587407207
4.3 6.290355561125254 8.098350383021238 8.981025035928893 7.178077801046173
4.6 7.8464072198921615 8.311908418962807 9.280947111766247 7.422958036611842
4.9 9.623635081417723 8.531848413225294 9.576419040186924 7.64650227104227
5.2 10.83242629926673 8.757542007743359 9.854319621396693 7.8470827591631025
5.5 11.43517685583681 8.987972926987043 10.131540854989208 8.036082369635466
5.8 11.69773905618034 9.222415446835212 10.396197108607653 8.194886112927216
6.1 11.359108373921607 9.447908360645357 10.661187896562486 8.344614068143896
6.4 11.428222500829563 9.666693300233922 10.910102437175713 8.474376211654867
6.7 11.20738993220768 9.881741581473786 11.165419721178182 8.601132529244893
7.0 10.814936267309626 10.086315555505202 11.40036044645527 8.727209365047056
