0.1 0.8575236163711746 0.8962673828485838 0.8960223515327961 0.8933030486734388
0.5 2.257349205836842 4.104479792984587 4.081264141491902 3.8405893380110934
0.9 2.688131751810337 6.259266001588148 6.1752541500623686 5.3565846325609625
1.3 3.4493589181845326 7.475602104350944 7.341057594734099 6.000693864051382
1.6 4.0545863639199915 7.688769598238514 7.562256407209991 6.001452049149122
2.0 4.665921879269576 8.228890951101757 8.16653814766219 6.429113400080954
2.4 5.306856403418828 8.671390671418967 8.749115699777828 6.906194283593275
2.8 6.158048400929816 9.074520891673624 9.370327407758538 7.427373522964983
3.2 7.003634948750838 9.456650558007299 10.012444994184888 7.955130259380147
3.6 7.542837267466583 9.826130015456002 10.615402451595337 8.457487834455879
4.0 7.6325553089156 10.192746650343826 11.190832481886027 8.92945991608562
4.4 7.363748219981333 10.56767627126141 11.73717465080971 9.391960395584585
4.7 7.179267363469389 10.730979685076417 12.001498651641345 9.633491004140993
5.1 7.283104986992444 11.151670943445298 12.51003483268524 10.072062935967319
5.5 8.12657845547218 11.587457894372756 13.004354339382015 10.503785391719033
5.9 9.796518069164625 12.032945892536404 13.482738286953598 10.934512511914903
6.3 11.6234224710828 12.461661379429378 13.941317809615398 11.333441315320114
6.7 12.725509976591125 12.875723513528156 14.404917041816125 11.731095669717142
7.1 13.658636960302614 13.278082976231364 14.837723042485926 12.084783606839682
7.5 15.330565510264233 13.66992782498651 15.279557501486002 12.428175906878655
7.8 16.46155821535796 13.863395388274611 15.502677118664351 12.54913003940765
8.2 19.229186192827658 14.232175083146002 15.917758420024544 12.807197120930228
8.6 20.452096862346696 14.580711099052202 16.338629308152786 13.036674754349164
9.0 20.28939423875543 14.921291437036146 16.734410860014297 13.202329290915422
