7 0.002 0.0062 0.0123 0.0204
9 0.001 0.0059 0.0113 0.0183
11 0.001 0.0038 0.0107 0.0173
13 0.001 0.0039 0.0086 0.0171
15 0.001 0.0041 0.0091 0.016
17 0.0009 0.0035 0.0077 0.0136
19 0.001 0.0039 0.0088 0.0153
21 0.0008 0.0034 0.0076 0.0133
23 0.001 0.004 0.009 0.0156
25 0.0009 0.0036 0.0079 0.0139
27 0.0008 0.0031 0.007 0.0123
29 0.001 0.004 0.0088 0.0153
31 0.0009 0.0036 0.008 0.014
33 0.0008 0.0033 0.0073 0.0128
35 0.0007 0.0029 0.0066 0.0117
37 0.0006 0.0026 0.0059 0.0106
39 0.0009 0.0037 0.0082 0.0142
41 0.0009 0.0035 0.0077 0.0133
43 0.0008 0.0032 0.0071 0.0124
45 0.0007 0.0029 0.0065 0.0115
47 0.0007 0.0026 0.006 0.0107
49 0.0006 0.0024 0.0055 0.0099
51 0.0009 0.0037 0.0081 0.014
53 0.0009 0.0035 0.0077 0.0133
55 0.0008 0.0033 0.0073 0.0126
57 0.0008 0.0031 0.0069 0.012
59 0.0007 0.0029 0.0065 0.0114
61 0.0007 0.0027 0.0061 0.0108
63 0.0006 0.0025 0.0057 0.0103
65 0.0006 0.0023 0.0054 0.0098
67 0.0005 0.0021 0.005 0.0092
69 0.0005 0.002 0.0047 0.0088
71 0.0009 0.0035 0.0077 0.0131
