7 0.0014 0.0055 0.0123 0.0216
9 0.0012 0.0046 0.0103 0.0181
11 0.001 0.0039 0.0087 0.0153
13 0.001 0.0041 0.0091 0.0161
15 0.001 0.0041 0.0091 0.016
17 0.001 0.0038 0.0086 0.015
19 0.001 0.0038 0.0085 0.015
21 0.001 0.0038 0.0085 0.0149
23 0.001 0.0038 0.0085 0.0149
25 0.0009 0.0037 0.0083 0.0144
27 0.0009 0.0038 0.0083 0.0191
29 0.0009 0.0037 0.0081 0.0183
31 0.0009 0.0035 0.0078 0.0174
33 0.0009 0.0036 0.0114 0.0182
35 0.0009 0.0035 0.0109 0.0175
37 0.0009 0.0034 0.0103 0.0168
39 0.0009 0.006 0.0111 0.0177
41 0.0009 0.0056 0.0107 0.0171
43 0.0009 0.0053 0.0102 0.0165
45 0.0026 0.006 0.0111 0.0174
47 0.0023 0.0058 0.0107 0.017
49 0.0021 0.0055 0.0104 0.0165
51 0.0019 0.0052 0.01 0.0161
53 0.0017 0.005 0.0097 0.0156
55 0.0015 0.0047 0.0093 0.0151
57 0.0013 0.0044 0.009 0.0146
59 0.0013 0.0046 0.0093 0.0152
61 0.0014 0.0047 0.0093 0.0152
63 0.0016 0.0047 0.0093 0.0151
65 0.0017 0.0048 0.0093 0.0149
67 0.0018 0.0048 0.0093 0.0148
69 0.0018 0.0049 0.0092 0.0146
71 0.0019 0.0049 0.0092 0.0145
