7 0.0003 0.0013 0.0036 0.006
9 0.0003 0.0011 0.0026 0.0046
11 0.0002 0.0008 0.0018 0.0032
13 0.0002 0.0008 0.0018 0.0032
15 0.0002 0.0007 0.0015 0.0027
17 0.0001 0.0006 0.0013 0.0024
19 0.0001 0.0006 0.0013 0.0023
21 0.0001 0.0006 0.0013 0.0023
23 0.0001 0.0006 0.0014 0.0025
25 0.0001 0.0004 0.0009 0.0017
27 0.0001 0.0005 0.0009 0.0013
29 0.0001 0.0003 0.0009 0.0013
31 0.0001 0.0003 0.0006 0.0013
33 0.0001 0.0003 0.0006 0.001
35 0.0001 0.0003 0.0005 0.0009
37 0.0001 0.0003 0.0006 0.001
39 0.0001 0.0003 0.0006 0.001
41 0.0001 0.0003 0.0006 0.0011
43 0.0001 0.0003 0.0006 0.001
45 0.0001 0.0003 0.0006 0.0011
47 0.0001 0.0003 0.0006 0.001
49 0.0001 0.0003 0.0006 0.0011
51 0.0001 0.0003 0.0006 0.001
53 0.0001 0.0003 0.0006 0.001
55 0.0001 0.0003 0.0007 0.0011
57 0.0001 0.0003 0.0006 0.001
59 0.0001 0.0003 0.0006 0.001
61 0.0001 0.0003 0.0007 0.001
63 0.0001 0.0003 0.0006 0.001
65 0.0001 0.0003 0.0006 0.001
67 0.0001 0.0003 0.0006 0.001
69 0.0001 0.0003 0.0006 0.001
71 0.0001 0.0003 0.0006 0.001
