7 0.0007 0.0028 0.0063 0.0111
9 0.0007 0.0026 0.0089 0.0144
11 0.0023 0.0055 0.0101 0.0163
13 0.0012 0.0036 0.0073 0.0122
15 0.0012 0.0037 0.0074 0.0122
17 0.0013 0.0032 0.0061 0.0099
19 0.0006 0.0033 0.0064 0.0106
21 0.0005 0.0029 0.0053 0.0088
23 0.0006 0.0023 0.0061 0.01
25 0.0005 0.0019 0.0051 0.0085
27 0.0006 0.0024 0.0053 0.0101
29 0.0005 0.002 0.0046 0.0088
31 0.0004 0.0017 0.0039 0.0076
33 0.0006 0.0023 0.0052 0.0092
35 0.0005 0.002 0.0046 0.0082
37 0.0004 0.0018 0.004 0.0073
39 0.0004 0.0015 0.0035 0.0065
41 0.0006 0.0022 0.005 0.0089
43 0.0005 0.002 0.0045 0.0081
45 0.0004 0.0018 0.0041 0.0074
47 0.0004 0.0016 0.0036 0.0067
49 0.0003 0.0014 0.0032 0.0061
51 0.0005 0.0022 0.0049 0.0087
53 0.0005 0.002 0.0046 0.0082
55 0.0005 0.0018 0.0042 0.0076
57 0.0004 0.0017 0.0039 0.0071
59 0.0004 0.0015 0.0035 0.0066
61 0.0003 0.0014 0.0032 0.0061
63 0.0003 0.0012 0.0029 0.0056
65 0.0003 0.0011 0.0027 0.0052
67 0.0005 0.002 0.0045 0.0081
69 0.0005 0.0019 0.0042 0.0077
71 0.0004 0.0017 0.004 0.0073
