7 0.0082 0.0322 0.0707 0.1546
9 0.014 0.0393 0.0742 0.1153
11 0.0089 0.0347 0.0743 0.1516
13 0.0044 0.0174 0.0382 0.0853
15 0.0041 0.0162 0.0358 0.0795
17 0.0037 0.0147 0.0459 0.0714
19 0.0023 0.0091 0.0273 0.0436
21 0.0013 0.0049 0.0107 0.018
23 0.0023 0.0089 0.0194 0.033
25 0.0028 0.011 0.024 0.0406
27 0.0026 0.0101 0.022 0.0375
29 0.0021 0.0082 0.0178 0.0301
31 0.0014 0.0054 0.0117 0.0195
33 0.0023 0.0088 0.0192 0.0325
35 0.0026 0.01 0.0216 0.0361
37 0.0014 0.0053 0.0113 0.0188
39 0.0019 0.0075 0.0161 0.0268
41 0.0021 0.0082 0.0176 0.0292
43 0.0016 0.0063 0.0134 0.0222
45 0.0018 0.0068 0.0146 0.0243
47 0.0017 0.0068 0.0145 0.0242
49 0.0016 0.0063 0.0136 0.0224
51 0.0017 0.0065 0.0138 0.0228
53 0.0017 0.0064 0.0136 0.0223
55 0.0016 0.0062 0.0132 0.0215
57 0.0015 0.0058 0.0124 0.0206
59 0.0015 0.0058 0.0124 0.0205
61 0.0015 0.0057 0.0123 0.0202
63 0.0015 0.0057 0.0121 0.0199
65 0.0015 0.0057 0.012 0.0197
67 0.0015 0.0056 0.0119 0.0195
69 0.0014 0.0056 0.0118 0.0191
71 0.0014 0.0055 0.0116 0.0188
