1.0 0.581 0.41 0.318 0.257 0.214 0.182 0.158 0.139 0.124 0.112 0.101 0.092 0.085 0.079 0.073 0.068 0.064 0.06 0.057 0.053 0.051 0.048 0.046 0.044 0.042 0.04 0.038 0.037 0.036 0.034 0.033 0.032 0.031 0.03 0.029
1.7 0.745 0.592 0.494 0.415 0.354 0.307 0.27 0.239 0.214 0.193 0.175 0.161 0.148 0.136 0.127 0.118 0.11 0.103 0.097 0.092 0.087 0.082 0.078 0.074 0.071 0.068 0.065 0.062 0.059 0.057 0.055 0.053 0.051 0.05 0.048
2.5 0.862 0.758 0.676 0.595 0.525 0.466 0.417 0.375 0.339 0.308 0.282 0.259 0.239 0.221 0.206 0.192 0.179 0.169 0.159 0.149 0.141 0.134 0.127 0.121 0.115 0.109 0.105 0.101 0.096 0.092 0.088 0.085 0.082 0.079 0.076
3.2 0.922 0.878 0.824 0.758 0.693 0.633 0.579 0.532 0.488 0.45 0.415 0.385 0.358 0.333 0.312 0.292 0.274 0.257 0.243 0.23 0.217 0.206 0.196 0.186 0.177 0.17 0.162 0.155 0.149 0.143 0.137 0.132 0.127 0.122 0.118
3.9 0.934 0.94 0.913 0.869 0.822 0.773 0.724 0.678 0.635 0.595 0.557 0.523 0.491 0.461 0.434 0.41 0.387 0.366 0.347 0.329 0.313 0.297 0.283 0.27 0.259 0.246 0.237 0.227 0.217 0.208 0.2 0.193 0.186 0.179 0.173
4.7 0.918 0.961 0.947 0.922 0.893 0.86 0.825 0.788 0.752 0.715 0.681 0.647 0.615 0.585 0.556 0.529 0.504 0.48 0.459 0.438 0.418 0.4 0.382 0.367 0.351 0.338 0.323 0.311 0.3 0.289 0.278 0.267 0.258 0.249 0.24
5.4 0.896 0.964 0.953 0.938 0.92 0.9 0.877 0.85 0.823 0.795 0.767 0.738 0.711 0.684 0.657 0.632 0.607 0.583 0.56 0.539 0.519 0.498 0.48 0.462 0.446 0.429 0.415 0.4 0.385 0.373 0.361 0.349 0.338 0.328 0.317
6.2 0.881 0.968 0.957 0.946 0.933 0.918 0.901 0.882 0.861 0.84 0.817 0.795 0.772 0.749 0.726 0.704 0.682 0.661 0.64 0.62 0.6 0.582 0.563 0.546 0.528 0.513 0.496 0.481 0.468 0.453 0.439 0.426 0.414 0.402 0.39
6.9 0.873 0.976 0.967 0.959 0.949 0.937 0.922 0.907 0.888 0.87 0.851 0.832 0.812 0.792 0.772 0.753 0.734 0.715 0.696 0.678 0.66 0.642 0.626 0.609 0.593 0.577 0.563 0.548 0.533 0.52 0.507 0.494 0.481 0.469 0.458
7.6 0.869 0.982 0.974 0.972 0.967 0.957 0.946 0.933 0.919 0.902 0.885 0.868 0.849 0.831 0.813 0.795 0.777 0.759 0.741 0.724 0.707 0.691 0.674 0.659 0.643 0.629 0.613 0.6 0.587 0.572 0.559 0.547 0.535 0.523 0.512
8.4 0.861 0.982 0.976 0.978 0.976 0.971 0.963 0.954 0.944 0.931 0.918 0.903 0.888 0.872 0.855 0.838 0.821 0.804 0.787 0.771 0.753 0.737 0.722 0.705 0.691 0.675 0.662 0.647 0.633 0.62 0.607 0.594 0.581 0.569 0.558
9.1 0.849 0.978 0.974 0.979 0.979 0.975 0.97 0.964 0.957 0.949 0.94 0.929 0.918 0.905 0.892 0.878 0.863 0.848 0.833 0.817 0.802 0.786 0.771 0.756 0.74 0.726 0.71 0.697 0.683 0.668 0.655 0.642 0.63 0.618 0.606
9.8 0.835 0.975 0.975 0.982 0.982 0.979 0.975 0.969 0.964 0.958 0.95 0.943 0.934 0.924 0.915 0.904 0.893 0.881 0.869 0.856 0.842 0.83 0.816 0.802 0.789 0.774 0.761 0.747 0.733 0.72 0.707 0.694 0.68 0.667 0.655
10.6 0.823 0.973 0.978 0.987 0.987 0.984 0.981 0.977 0.971 0.966 0.959 0.953 0.945 0.937 0.929 0.92 0.91 0.901 0.891 0.881 0.87 0.858 0.848 0.836 0.824 0.813 0.801 0.789 0.777 0.764 0.752 0.741 0.729 0.718 0.706
11.3 0.814 0.971 0.98 0.989 0.989 0.988 0.986 0.983 0.979 0.975 0.97 0.964 0.958 0.951 0.943 0.935 0.926 0.917 0.908 0.899 0.889 0.88 0.869 0.86 0.85 0.839 0.829 0.819 0.808 0.798 0.788 0.776 0.765 0.755 0.744
12.1 0.808 0.965 0.98 0.989 0.989 0.988 0.987 0.986 0.983 0.98 0.977 0.973 0.969 0.963 0.957 0.951 0.943 0.936 0.927 0.919 0.91 0.901 0.892 0.882 0.872 0.862 0.853 0.843 0.834 0.823 0.813 0.804 0.795 0.785 0.775
12.8 0.802 0.959 0.981 0.99 0.989 0.989 0.988 0.987 0.985 0.983 0.98 0.977 0.974 0.97 0.965 0.961 0.956 0.95 0.943 0.937 0.929 0.921 0.913 0.905 0.896 0.888 0.878 0.869 0.859 0.85 0.841 0.831 0.821 0.811 0.802
13.5 0.794 0.953 0.982 0.991 0.991 0.991 0.991 0.99 0.989 0.986 0.984 0.981 0.978 0.974 0.971 0.966 0.962 0.957 0.952 0.947 0.941 0.936 0.929 0.922 0.916 0.908 0.901 0.892 0.885 0.876 0.867 0.859 0.85 0.841 0.832
14.3 0.784 0.949 0.984 0.991 0.991 0.992 0.992 0.991 0.991 0.99 0.988 0.986 0.983 0.98 0.977 0.973 0.969 0.965 0.96 0.955 0.95 0.945 0.939 0.933 0.927 0.922 0.915 0.909 0.902 0.895 0.888 0.88 0.872 0.865 0.857
15.0 0.775 0.944 0.985 0.99 0.99 0.992 0.992 0.992 0.991 0.991 0.989 0.988 0.986 0.984 0.982 0.979 0.976 0.973 0.969 0.965 0.96 0.955 0.95 0.945 0.939 0.933 0.927 0.921 0.915 0.909 0.902 0.896 0.89 0.883 0.876
