6.0 0.884 0.967 0.956 0.944 0.93 0.915 0.897 0.876 0.854 0.832 0.808 0.785 0.761 0.738 0.714 0.691 0.669 0.647 0.625 0.604 0.584 0.566 0.547 0.53 0.512 0.496 0.48 0.465 0.451 0.437
8.7 0.856 0.98 0.975 0.979 0.977 0.973 0.967 0.959 0.951 0.94 0.929 0.915 0.902 0.887 0.871 0.855 0.839 0.823 0.806 0.79 0.773 0.757 0.742 0.726 0.71 0.695 0.681 0.666 0.653 0.64
11.3 0.814 0.971 0.98 0.989 0.989 0.988 0.986 0.983 0.98 0.975 0.971 0.965 0.958 0.951 0.943 0.935 0.927 0.918 0.908 0.899 0.89 0.88 0.87 0.86 0.85 0.84 0.83 0.819 0.808 0.799
14.0 0.788 0.95 0.984 0.991 0.991 0.992 0.992 0.991 0.99 0.989 0.986 0.984 0.981 0.978 0.975 0.971 0.966 0.962 0.957 0.952 0.947 0.942 0.936 0.93 0.924 0.917 0.91 0.904 0.897 0.889
16.7 0.761 0.927 0.986 0.989 0.992 0.994 0.995 0.995 0.994 0.994 0.993 0.992 0.991 0.99 0.988 0.986 0.984 0.981 0.979 0.976 0.973 0.97 0.967 0.964 0.96 0.957 0.953 0.949 0.944 0.94
19.3 0.739 0.905 0.986 0.986 0.993 0.996 0.996 0.996 0.996 0.996 0.996 0.996 0.995 0.995 0.994 0.993 0.992 0.991 0.989 0.988 0.986 0.985 0.983 0.981 0.979 0.977 0.975 0.972 0.97 0.967
22.0 0.721 0.882 0.983 0.984 0.995 0.996 0.996 0.997 0.997 0.997 0.997 0.997 0.997 0.997 0.996 0.996 0.996 0.995 0.995 0.994 0.993 0.992 0.991 0.99 0.989 0.987 0.986 0.985 0.983 0.981
24.7 0.703 0.858 0.978 0.984 0.995 0.995 0.996 0.997 0.998 0.998 0.998 0.998 0.998 0.998 0.998 0.997 0.997 0.997 0.997 0.996 0.996 0.996 0.995 0.995 0.994 0.993 0.992 0.992 0.991 0.99
27.3 0.69 0.836 0.97 0.984 0.993 0.994 0.997 0.998 0.998 0.999 0.999 0.999 0.999 0.999 0.999 0.999 0.998 0.998 0.998 0.998 0.998 0.997 0.997 0.997 0.996 0.996 0.995 0.995 0.995 0.994
30.0 0.676 0.817 0.96 0.984 0.991 0.994 0.997 0.998 0.998 0.999 0.999 0.999 0.999 0.999 0.999 0.999 0.999 0.999 0.999 0.999 0.999 0.998 0.998 0.998 0.998 0.998 0.997 0.997 0.997 0.996
30
