0.1 0.28 0.205 0.116 0.121
0.4 0.378 0.271 0.106 0.052
0.6 0.167 0.11 0.091 0.091
0.9 0.52 0.114 0.0 0.149
1.1 0.001 0.002 0.134 0.098
1.4 0.506 0.003 0.174 0.018
1.6 0.652 0.151 0.026 0.021
1.9 0.208 0.379 0.081 0.138
2.2 0.199 0.071 0.104 0.121
2.4 0.576 0.478 0.201 0.232
2.7 0.842 0.267 0.299 0.152
2.9 0.846 0.133 0.278 0.138
3.2 0.709 0.353 0.351 0.158
3.5 0.575 0.374 0.228 0.139
3.7 0.505 0.412 0.276 0.242
4.0 0.499 0.461 0.278 0.175
4.2 0.534 0.433 0.35 0.276
4.5 0.585 0.365 0.239 0.265
4.7 0.638 0.33 0.259 0.25
5.0 0.685 0.391 0.342 0.273
4
