0.1 0.357 0.219 0.159 0.125 0.104 0.089 0.078 0.069 0.062 0.057 0.052 0.049 0.045 0.042 0.04 0.038 0.036 0.034 0.032 0.031 0.03 0.028 0.027 0.026 0.025 0.025 0.024 0.023 0.022 0.022 0.021 0.021 0.02 0.019 0.019
0.4 0.421 0.272 0.204 0.166 0.141 0.124 0.11 0.1 0.092 0.085 0.079 0.075 0.071 0.067 0.064 0.061 0.058 0.056 0.054 0.052 0.05 0.049 0.047 0.046 0.045 0.044 0.043 0.042 0.041 0.04 0.039 0.038 0.037 0.037 0.036
0.6 0.485 0.327 0.252 0.21 0.182 0.162 0.147 0.135 0.125 0.117 0.111 0.105 0.1 0.096 0.092 0.088 0.085 0.082 0.08 0.077 0.075 0.073 0.071 0.07 0.068 0.067 0.065 0.064 0.063 0.061 0.06 0.059 0.058 0.057 0.056
0.9 0.55 0.384 0.302 0.256 0.225 0.202 0.185 0.171 0.16 0.151 0.143 0.136 0.13 0.125 0.12 0.116 0.112 0.108 0.105 0.102 0.1 0.097 0.095 0.092 0.09 0.088 0.087 0.085 0.083 0.082 0.08 0.079 0.077 0.076 0.075
1.1 0.613 0.441 0.351 0.3 0.265 0.24 0.22 0.205 0.192 0.181 0.171 0.163 0.156 0.15 0.144 0.139 0.134 0.13 0.126 0.122 0.119 0.115 0.112 0.11 0.107 0.105 0.102 0.1 0.098 0.096 0.094 0.092 0.09 0.089 0.087
1.4 0.672 0.494 0.396 0.341 0.302 0.273 0.251 0.233 0.218 0.205 0.194 0.184 0.176 0.168 0.161 0.155 0.149 0.144 0.139 0.134 0.13 0.126 0.122 0.119 0.116 0.113 0.11 0.107 0.104 0.102 0.1 0.097 0.095 0.093 0.091
1.6 0.727 0.543 0.437 0.375 0.332 0.3 0.274 0.253 0.236 0.221 0.208 0.197 0.187 0.178 0.17 0.162 0.156 0.15 0.144 0.139 0.134 0.13 0.125 0.122 0.118 0.114 0.111 0.108 0.105 0.103 0.1 0.098 0.096 0.093 0.091
1.9 0.777 0.586 0.471 0.403 0.355 0.318 0.289 0.266 0.246 0.229 0.215 0.202 0.191 0.181 0.172 0.164 0.157 0.15 0.144 0.139 0.134 0.129 0.125 0.121 0.117 0.114 0.11 0.107 0.105 0.102 0.1 0.097 0.095 0.093 0.091
2.2 0.82 0.622 0.497 0.422 0.369 0.329 0.297 0.271 0.25 0.231 0.216 0.202 0.191 0.18 0.171 0.163 0.156 0.149 0.143 0.138 0.133 0.128 0.124 0.12 0.116 0.113 0.11 0.107 0.104 0.102 0.099 0.097 0.095 0.093 0.091
2.4 0.856 0.65 0.515 0.434 0.376 0.333 0.299 0.271 0.249 0.23 0.214 0.2 0.189 0.178 0.169 0.161 0.154 0.148 0.142 0.137 0.132 0.128 0.124 0.12 0.116 0.113 0.11 0.107 0.104 0.102 0.099 0.097 0.095 0.093 0.091
2.7 0.884 0.67 0.527 0.439 0.378 0.332 0.297 0.269 0.246 0.228 0.212 0.199 0.187 0.177 0.169 0.161 0.154 0.148 0.142 0.137 0.132 0.128 0.124 0.12 0.116 0.113 0.11 0.107 0.104 0.101 0.099 0.096 0.094 0.092 0.09
2.9 0.906 0.683 0.532 0.44 0.376 0.329 0.294 0.266 0.244 0.226 0.211 0.198 0.187 0.177 0.168 0.161 0.154 0.147 0.142 0.136 0.132 0.127 0.123 0.119 0.115 0.112 0.108 0.105 0.102 0.1 0.097 0.095 0.093 0.09 0.088
3.2 0.921 0.689 0.532 0.437 0.372 0.326 0.291 0.264 0.242 0.225 0.21 0.197 0.186 0.177 0.168 0.16 0.153 0.146 0.141 0.135 0.13 0.125 0.121 0.117 0.113 0.11 0.107 0.104 0.101 0.098 0.096 0.094 0.092 0.09 0.088
3.5 0.93 0.69 0.528 0.432 0.368 0.323 0.289 0.263 0.242 0.224 0.21 0.197 0.186 0.176 0.167 0.159 0.151 0.145 0.139 0.133 0.128 0.124 0.12 0.116 0.112 0.109 0.106 0.103 0.1 0.098 0.095 0.093 0.091 0.089 0.087
3.7 0.934 0.687 0.523 0.427 0.365 0.321 0.288 0.262 0.241 0.224 0.209 0.195 0.184 0.174 0.165 0.157 0.149 0.143 0.137 0.132 0.127 0.123 0.119 0.115 0.111 0.108 0.105 0.102 0.099 0.097 0.094 0.092 0.09 0.088 0.086
4.0 0.934 0.681 0.518 0.424 0.363 0.32 0.287 0.261 0.24 0.222 0.207 0.193 0.182 0.172 0.163 0.155 0.148 0.142 0.136 0.131 0.126 0.122 0.118 0.114 0.11 0.107 0.104 0.101 0.098 0.096 0.093 0.091 0.089 0.087 0.085
4.2 0.93 0.674 0.513 0.421 0.361 0.319 0.286 0.26 0.238 0.22 0.204 0.191 0.18 0.17 0.161 0.153 0.147 0.141 0.135 0.13 0.125 0.121 0.117 0.113 0.109 0.106 0.103 0.1 0.097 0.094 0.092 0.09 0.088 0.086 0.084
4.5 0.924 0.666 0.508 0.419 0.36 0.318 0.285 0.258 0.236 0.217 0.202 0.189 0.178 0.168 0.16 0.152 0.146 0.139 0.134 0.129 0.124 0.119 0.115 0.111 0.108 0.105 0.101 0.099 0.096 0.094 0.091 0.089 0.087 0.085 0.083
4.7 0.916 0.659 0.505 0.418 0.359 0.316 0.282 0.255 0.233 0.215 0.2 0.188 0.177 0.167 0.159 0.151 0.144 0.138 0.132 0.127 0.122 0.118 0.114 0.11 0.107 0.104 0.101 0.098 0.095 0.093 0.09 0.088 0.086 0.084 0.082
5.0 0.909 0.653 0.503 0.417 0.357 0.313 0.279 0.252 0.231 0.213 0.199 0.186 0.176 0.166 0.158 0.15 0.143 0.137 0.131 0.126 0.121 0.117 0.113 0.109 0.106 0.103 0.1 0.097 0.094 0.092 0.089 0.087 0.085 0.083 0.081
