0.1 0.357 0.219 0.159 0.125 0.104 0.089 0.078 0.069 0.062 0.057 0.052 0.049 0.045 0.042 0.04 0.038 0.036 0.034 0.032 0.031 0.03 0.028 0.027 0.026 0.025 0.025 0.024 0.023 0.022 0.022
1.2 0.629 0.455 0.363 0.311 0.276 0.249 0.229 0.213 0.199 0.188 0.178 0.17 0.162 0.155 0.149 0.144 0.139 0.134 0.13 0.126 0.122 0.119 0.116 0.113 0.11 0.107 0.105 0.103 0.1 0.098
2.3 0.84 0.638 0.508 0.429 0.374 0.332 0.298 0.272 0.25 0.231 0.215 0.201 0.19 0.179 0.17 0.162 0.155 0.148 0.142 0.137 0.132 0.128 0.124 0.12 0.116 0.113 0.11 0.107 0.104 0.102
3.4 0.929 0.69 0.529 0.433 0.369 0.323 0.289 0.263 0.242 0.224 0.21 0.197 0.186 0.176 0.167 0.159 0.152 0.145 0.139 0.134 0.129 0.124 0.12 0.116 0.112 0.109 0.106 0.103 0.1 0.098
4.5 0.923 0.666 0.508 0.419 0.36 0.318 0.284 0.258 0.236 0.217 0.202 0.189 0.178 0.168 0.16 0.152 0.146 0.139 0.134 0.128 0.124 0.119 0.115 0.111 0.108 0.104 0.101 0.099 0.096 0.093
5.6 0.892 0.644 0.499 0.412 0.351 0.306 0.273 0.248 0.227 0.21 0.196 0.183 0.172 0.162 0.154 0.146 0.14 0.134 0.128 0.123 0.119 0.114 0.111 0.107 0.103 0.1 0.097 0.095 0.092 0.09
6.7 0.875 0.635 0.486 0.397 0.338 0.297 0.266 0.24 0.22 0.203 0.188 0.177 0.166 0.157 0.149 0.141 0.135 0.129 0.123 0.119 0.114 0.11 0.106 0.103 0.1 0.097 0.094 0.091 0.089 0.086
7.8 0.867 0.617 0.47 0.387 0.33 0.288 0.257 0.233 0.213 0.197 0.183 0.171 0.16 0.152 0.144 0.137 0.13 0.125 0.119 0.115 0.11 0.107 0.103 0.099 0.096 0.093 0.091 0.088 0.086 0.083
8.9 0.852 0.598 0.46 0.376 0.32 0.28 0.25 0.226 0.207 0.191 0.177 0.166 0.156 0.147 0.139 0.133 0.127 0.121 0.116 0.111 0.107 0.103 0.1 0.096 0.093 0.09 0.088 0.085 0.083 0.081
10.0 0.832 0.586 0.448 0.366 0.312 0.273 0.243 0.22 0.201 0.186 0.172 0.161 0.152 0.143 0.136 0.129 0.123 0.118 0.113 0.108 0.104 0.1 0.097 0.094 0.091 0.088 0.085 0.083 0.08 0.078

