0.1 4.691945914050635 4.684505288488613 4.67669732397883 4.6692756018619335
2.1 68.28330699714809 51.65691442825618 41.99412129399929 36.27346369684431
4.2 114.60884278635753 75.06749852028372 56.59471860094026 48.97284808817033
6.2 141.75191996566295 83.99684145502789 62.56255196389296 58.570792237756024
8.3 162.3983456809962 89.65358104497241 68.96140742133976 72.93680070243038
10.3 175.5884149764815 92.56534683660641 75.98452568408871 91.1991755011647
12.3 184.65300326719347 94.87632626461385 85.09756460123697 111.9321102944501
14.4 192.5940338820607 97.98245538923707 97.19351072045791 131.72154525684715
16.4 197.06863004289244 100.75777702651312 110.74863709446649 145.99170965042785
18.5 201.11215841321558 104.65500944028298 126.46703271995331 157.14193646404297
20.5 203.03568642132984 108.63302298574027 141.93013361650569 165.06648958813685
22.5 204.1939708583472 113.38454921933064 156.69146370634698 171.40386907443775
24.6 205.5885635916528 119.40752634839055 170.6538182942228 177.23835890728498
26.6 205.74307218132958 125.72671123077964 182.1243301211458 182.00374923393795
28.6 205.62090193312085 132.84315374865074 191.86969930845152 187.6986250525455
30.7 205.95762822886635 141.1741728966111 200.72813938353852 195.59912785782979
32.7 205.49970186777932 149.72327054670558 207.52137699755156 204.00468324778242
34.8 205.5748069726787 159.32654554727208 213.64998356219522 213.18364852916156
36.8 204.99090754175904 168.95822958098603 218.05416345702983 221.24969469153504
38.8 204.44873527799922 178.93576552593635 221.7119463813118 228.97389979894282
40.9 204.46918541621523 189.5704717671083 225.64474447468453 237.3957575406387
42.9 203.99089194027084 199.84942600997124 229.2383879958671 245.35509693757794
45.0 203.97532672261352 210.49093080780824 233.8721823980569 253.57782602484627
47.0 203.87895979240974 220.383487184989 238.8007108148055 260.40151568047304
