0.1 0.021313118657343675 0.021346971311086628 0.021382611076254606 0.021416598317761267
2.1 0.030754222259441952 0.04065283463487913 0.050006999439230496 0.05789356146274761
4.2 0.03664638694441078 0.05594964642208149 0.07421187177579185 0.0857618081031014
6.2 0.0437383846476425 0.07381229927936629 0.09910081678858365 0.10585480856793573
8.3 0.05110889501487862 0.09257856633564385 0.12035717237162431 0.11379714931372677
10.3 0.0586599064715038 0.1112727424678833 0.13555391584364182 0.11293961752832359
12.3 0.06661142674295886 0.1296424564932543 0.14453997664489224 0.1098880380941935
14.4 0.07476867122902761 0.14696508617584383 0.1481580394952129 0.10932152346012249
16.4 0.08321973921689363 0.16276659215778994 0.14808308644025217 0.11233514587416804
18.5 0.09198847123896374 0.17677128021813665 0.1462831822817107 0.11772796247953293
20.5 0.10096747208005291 0.1887087318070025 0.14443726274077123 0.12419237878718002
22.5 0.11018934548076657 0.19843973588038072 0.14359429331879175 0.13126891546554667
24.6 0.11965646128478909 0.20601716451461835 0.14415147721797442 0.1387961395696994
26.6 0.12928746381582346 0.21156999765287707 0.14605407186566544 0.14615083541938345
28.6 0.1390909179520197 0.2152914861846276 0.14905949247370412 0.15237192063603844
30.7 0.14905978605407724 0.21746187259395625 0.15294318023513584 0.15695366506088992
32.7 0.15912431844324293 0.21840292347741208 0.15757412789519903 0.16029043784393346
34.8 0.1692814431518595 0.218419346760235 0.16288323275189692 0.1632395366159599
36.8 0.17952015746114694 0.21780531253945704 0.1687654086332173 0.16632791313590886
38.8 0.18977862566497017 0.2168375890977258 0.17500184646464528 0.16945162760502164
40.9 0.20003014105399017 0.21575090054239351 0.1812583762817868 0.1722861453958313
42.9 0.21030350714168772 0.21466161227733302 0.18714143113226497 0.174848619553701
45.0 0.2206149181032841 0.2137859328537432 0.19241279376872944 0.17746031151631836
47.0 0.23052893760030735 0.21326461705612448 0.1968168345882747 0.18049050089889485
