0.1 4.695749262415326 4.6915050134392144 4.6872673575703185 4.683036337620092
2.1 76.12745343753001 61.7697885344396 52.3685458320812 46.13529103631268
4.2 117.87572607802005 81.95337072090504 64.59132400858375 56.39534876455337
6.2 140.4536540965066 88.97769708169001 70.0566875756305 64.61726036913166
8.3 156.64481082658773 94.1170781943196 76.9804540441179 75.44049131120396
10.3 165.4460855344651 97.18041928708182 84.0892666510641 84.94872639620853
12.3 170.98708037887593 100.47603455300707 91.954764404424 92.76203368785973
14.4 175.78748281206634 105.08237874954503 100.34462043401714 100.3712057539144
16.4 177.94149282132716 109.53867039925179 107.15403967853062 107.51672995380063
18.5 180.25501427557217 115.17456057591001 113.71544878755543 115.47027714373286
20.5 181.05757316610638 120.51760547525662 119.22453649650895 122.17831651088602
22.5 181.62824058796645 126.00586425811609 124.81377801196732 128.22241312369226
24.6 182.83315383277065 131.95193626865003 131.16896035466047 134.77683288689195
26.6 183.25723599209883 137.08681494079198 137.01220412875475 140.98635561234252
28.6 183.7705993535081 141.88185860072883 142.58672628985295 147.01886996125748
30.7 185.00448625896445 146.82032319940555 148.22685005405512 153.07444685482616
32.7 185.76333169499773 151.00580640283374 153.0682772421438 158.4200822285405
34.8 187.2465589165779 155.49348906207103 158.31473347080038 164.3885185967312
36.8 188.34742231141453 159.4894962351187 163.21297423563018 169.89817776945895
38.8 189.64590209034176 163.53852590839048 168.19752705980378 175.11074355164521
40.9 191.61371259111024 168.08625925134496 173.51823557889398 180.500976224457
42.9 193.26826013743755 172.28292568462132 178.1675261929465 185.480949143456
45.0 195.53526054665187 176.89698650319468 182.9839697191385 190.99306993073068
47.0 197.56476795010346 181.05963108000344 187.2845134744167 195.93260390163374
