0.1 0.021295855977745193 0.021315121632299552 0.021334392167430317 0.021353667319784192
2.1 0.027585317847565394 0.0339972023512619 0.04010040696439447 0.04551829961031586
4.2 0.03563074552957653 0.05124865472956862 0.06502421284075008 0.07447422690007124
6.2 0.044142674961948236 0.06968038287513566 0.08849975947416466 0.09594959558145869
8.3 0.052986115251455364 0.08818803302481763 0.10781957709996393 0.11002049238732006
10.3 0.062255930484703695 0.10598842931077145 0.12248887890461417 0.12124961064112805
12.3 0.0719352595105166 0.12241725158362038 0.1337614214952873 0.13259735164268793
14.4 0.08191709540203712 0.13703534475862203 0.14350545089229672 0.14346744060547875
16.4 0.09216512540145655 0.1497188156495281 0.1530506927149094 0.15253440099086896
18.5 0.1026323737752858 0.16062574849423367 0.16268677824560077 0.16021438986391215
20.5 0.11322365389926457 0.17009962917168014 0.17194447219008704 0.16778754680396551
22.5 0.12387941394555747 0.17856311793481283 0.18026855975662134 0.1754763418646234
24.6 0.13454890146729365 0.18643151965512023 0.1875443697463594 0.18252395068998936
26.6 0.14515115791196842 0.1940376250734878 0.19414328941824138 0.1886707396929929
28.6 0.15562881168485476 0.2015761583761286 0.2005796804806458 0.19453285151448038
30.7 0.16594192184630022 0.20909911741785553 0.20711497268412823 0.20055600807831422
32.7 0.17603043454070733 0.21654796447208907 0.21363015635349958 0.20641322451042676
34.8 0.18585121244072686 0.2238035830947769 0.21981529600603167 0.21169361642201687
36.8 0.19538361368787252 0.23073619811143925 0.22547227125995464 0.21660032192891004
38.8 0.20459181860685188 0.23725296400026638 0.23068115612784482 0.2215740691464585
40.9 0.21345027684567455 0.24332744498073977 0.23571009619564676 0.22659157227570856
42.9 0.22197126403214273 0.24900900556177072 0.2407846194908799 0.2312905999139565
45.0 0.2301375203336467 0.25438533968009297 0.2459231815173228 0.23561064292186407
47.0 0.2378966679517991 0.2595829877684467 0.2509550796703768 0.23987840238981328
