3 0.29073454375209845
5 0.9198255224316898
7 1.1995110831321758
9 2.1286883984003016
11 3.172976888980549
13 3.4269335148516284
15 4.530465403628471
17 5.679327384032015
19 6.875589070946113
21 7.113060417550038
23 8.403812083921949
25 9.779770866993758
27 10.129698733473798
29 11.67535151944903
31 13.339712494845772
33 13.867563178817141
35 15.73012554119502
37 17.709181406624904
39 18.378830232911007
41 20.49781000901304
43 22.681831309468244
45 24.906171742084226
47 25.549506897497405
49 27.748976267222986
51 29.933022430712832
