3 0.4875859438633557
5 1.105703292052541
7 1.8688645948758316
9 3.6592936744242675
11 5.878786621457933
13 9.090113993395418
15 13.120680031294599
17 18.569269039232392
19 25.061622037231984
21 33.134777497450756
23 42.3146175592196
25 53.01351816451029
27 65.37664483390868
29 77.8989991531891
31 102.34320269111251
33 131.12852050779162
35 148.2943626340114
37 184.576918428131
39 211.64608598275416
41 243.58920025218023
43 282.1607561690781
45 325.0838576135091
47 372.50475210345724
49 415.3012259858638
51 465.3753937904591
