3 2.9073454375209846
5 4.5991276121584495
7 5.997555415660879
9 7.095627994667672
11 7.932442222451373
13 8.567333787129071
15 9.060930807256941
17 9.465545640053358
19 9.82227010135159
21 10.161514882214341
23 10.504765104902436
25 10.866412074437509
27 11.255220814970889
29 11.67535151944903
31 12.127011358950702
33 12.60687561710649
35 13.108437950995851
37 13.622447235865309
39 14.13756171762385
41 14.641292863580743
43 15.121220872978828
45 15.566357338802641
47 15.968441810935879
49 16.32292721601352
51 16.629456905951574
