3 2.4379297193167786
5 2.764258230131352
7 2.3360807435947892
9 2.613781196017334
11 2.7994222006942535
13 3.1345220666880755
15 3.3642769311011795
17 3.7138538078464784
19 4.042197102779352
21 4.359839144401415
23 4.649957973540615
25 4.908659089306508
27 5.188622605865769
29 5.372344769185455
31 6.165253174163404
33 6.974921303605937
35 7.02816884521381
37 7.821055865598771
39 8.078094884837945
41 8.399627594902766
43 8.845164770190538
45 9.31472371385413
47 9.77702761426397
49 10.031430579368692
51 10.387843611394176
