a b
0.0 0.04761904761904762
1.0022271714922049 0.08766961831731288
2.0044543429844097 0.10632610903736782
3.0066815144766146 0.129698554906517
4.008908685968819 0.1518312821881125
5.011135857461024 0.1671060272914478
6.013363028953229 0.18468667079043777
7.015590200445434 0.20018412065941243
8.017817371937639 0.21158772562888503
9.020044543429844 0.2181895632873964
10.022271714922049 0.22540882161890838
11.024498886414253 0.27419310828187704
12.026726057906458 0.23857798016891207
13.028953229398663 0.21379597097351657
14.031180400890868 0.19856583294531363
15.033407572383073 0.22247675123275568
16.035634743875278 0.2338589375072862
17.037861915367483 0.2655241812754535
18.040089086859687 0.2719762040142858
19.042316258351892 0.2709716413348731
20.044543429844097 0.26593285744285544
21.046770601336302 0.2644001984434374
22.048997772828507 0.208750707047799
23.051224944320712 0.17166458001417714
24.053452115812917 0.1723249825200379
25.05567928730512 0.15985032137512378
26.057906458797326 0.13314097502769498
27.06013363028953 0.10197521083351836
28.062360801781736 0.07826117761286154
29.06458797327394 0.0705418892793663
30.066815144766146 0.08293638248261656
31.06904231625835 0.11035018611265633
32.071269487750556 0.10872354584827922
33.073496659242764 0.16432195138298564
34.075723830734965 0.1834400319861273
35.07795100222717 0.16722217726875094
36.080178173719375 0.1684836083599405
37.08240534521158 0.16417863772987398
38.084632516703785 0.18985654895805562
39.086859688195986 0.2074894016871708
40.089086859688194 0.21802982626397716
41.0913140311804 0.2156170659641013
42.093541202672604 0.19556450056623104
43.095768374164805 0.23884760764490753
44.097995545657014 0.23290245628930978
45.10022271714922 0.23698860431277685
46.102449888641424 0.27107146439022817
47.104677060133625 0.30523816564351364
48.10690423162583 0.32566465594582455
49.10913140311804 0.29526558082702153
50.11135857461024 0.26839352981764214
51.113585746102444 0.20984348035491301
52.11581291759465 0.1868258942466765
53.11804008908686 0.17902217545702226
54.12026726057906 0.15286931327031866
55.122494432071264 0.11585622135398069
56.12472160356347 0.1146772753905379
57.12694877505568 0.10312485658377181
58.12917594654788 0.0871785675190432
59.13140311804008 0.08210058734571608
60.13363028953229 0.10623893983572455
61.1358574610245 0.12378121335801612
62.1380846325167 0.16326164884600144
63.1403118040089 0.16823711834159047
64.14253897550111 0.13956919721261093
65.14476614699332 0.14081146510759474
66.14699331848553 0.15828002848213465
67.14922048997772 0.14312973898210035
68.15144766146993 0.1648445828316064
69.15367483296214 0.17814731264873232
70.15590200445433 0.21523667531908794
71.15812917594654 0.22535371042536254
72.16035634743875 0.2355393615928107
73.16258351893096 0.24009046628407843
74.16481069042317 0.24361108834657308
75.16703786191536 0.3051806341230752
76.16926503340757 0.34121009572370964
77.17149220489978 0.30563993546693574
78.17371937639197 0.30839719741485194
79.17594654788418 0.26322303795036284
80.17817371937639 0.24844433694993354
81.1804008908686 0.1841456309966591
82.1826280623608 0.16512509349631116
83.184855233853 0.13662508839757448
84.18708240534521 0.1330251374552971
85.18930957683742 0.14446837630888418
86.19153674832961 0.12445933806124974
87.19376391982182 0.09501699965769252
88.19599109131403 0.10498351781821988
89.19821826280624 0.11817282415335856
90.20044543429844 0.1326302062810733
91.20267260579064 0.12778321921024333
92.20489977728285 0.15177733873049365
93.20712694877506 0.12716003451026728
94.20935412026725 0.13546796001065728
95.21158129175946 0.12134015012382979
96.21380846325167 0.105448093985288
97.21603563474387 0.13511964870120194
98.21826280623608 0.18857009419310924
99.22048997772828 0.20538922211931418
100.22271714922049 0.22733248424097688
101.2249443207127 0.23268965626376442
102.22717149220489 0.268047084870982
103.2293986636971 0.27573448743508955
104.2316258351893 0.30086230332585795
105.23385300668151 0.31195412512907317
106.23608017817372 0.29709000619013526
107.23830734966592 0.305342118740328
108.24053452115812 0.3038359570104119
109.24276169265033 0.2200859154648602
110.24498886414253 0.18492387743074082
111.24721603563474 0.153356985681892
112.24944320712694 0.1636218128368874
113.25167037861915 0.15309855271914968
114.25389755011136 0.15242673340980306
115.25612472160356 0.1490237430228827
116.25835189309576 0.1284793651939524
117.26057906458797 0.14268552982419133
118.26280623608017 0.12692214304896246
119.26503340757237 0.10764944675950855
120.26726057906458 0.12550330579023686
121.26948775055679 0.13377142927175517
122.271714922049 0.128703759073975
123.2739420935412 0.09675459237224433
124.2761692650334 0.10004847438766018
125.27839643652561 0.09449972280437621
126.2806236080178 0.12947923028338848
127.28285077951001 0.17524177862263515
128.28507795100222 0.18171092788254162
129.28730512249442 0.23390495073247303
130.28953229398664 0.2714111333849391
131.29175946547883 0.28018034437010797
132.29398663697106 0.2697525807502925
133.29621380846325 0.26423325154089716
134.29844097995544 0.2983524644891724
135.30066815144767 0.2996303362993075
136.30289532293986 0.2914094422488522
137.30512249443206 0.2745253013579412
138.30734966592428 0.2095256053401665
139.30957683741647 0.1921835142330729
140.31180400890867 0.1901391824020315
141.3140311804009 0.16596571572162688
142.31625835189308 0.16202956298542265
143.3184855233853 0.18219583322305793
144.3207126948775 0.19226549608126162
145.3229398663697 0.18332808500966088
146.32516703786192 0.14541143146131327
147.3273942093541 0.1383186738111111
148.32962138084633 0.10599540097705804
149.33184855233853 0.125063848032501
150.33407572383072 0.11801058670781302
151.33630289532294 0.09195586111198722
152.33853006681514 0.09000587843597661
153.34075723830733 0.09596481791262518
154.34298440979956 0.0968915156888691
155.34521158129175 0.10768380027335481
156.34743875278394 0.15260034994168864
157.34966592427617 0.20103260210212912
158.35189309576836 0.23543594904630152
159.35412026726058 0.2889981645089047
160.35634743875278 0.24461868796571273
161.35857461024497 0.25581322383252375
162.3608017817372 0.2623968677787047
163.3630289532294 0.27661633019639364
164.3652561247216 0.2631028041035966
165.3674832962138 0.24521885684903416
166.369710467706 0.2574140662121166
167.37193763919822 0.23936327294184234
168.37416481069042 0.20663003128654694
169.3763919821826 0.206184219462351
170.37861915367483 0.16933047372011598
171.38084632516703 0.20424204087179862
172.38307349665922 0.22741005026489075
173.38530066815144 0.2291464141643174
174.38752783964364 0.19051262704895128
175.38975501113586 0.1743293199597542
176.39198218262806 0.15106330388726302
177.39420935412025 0.12720689853198025
178.39643652561247 0.09531708101834736
179.39866369710467 0.097714058251333
180.4008908685969 0.08220553020292197
181.40311804008908 0.09804725131672024
182.40534521158128 0.09534452660069717
183.4075723830735 0.0847474988152731
184.4097995545657 0.1037863244073074
185.4120267260579 0.16467411324704093
186.4142538975501 0.1917025203021357
187.4164810690423 0.2227395183759065
188.4187082405345 0.23901244956835493
189.42093541202672 0.25781335360855223
190.42316258351892 0.23517064989682837
191.42538975501114 0.25248964576258165
192.42761692650333 0.21556369238719936
193.42984409799553 0.21800382457310216
194.43207126948775 0.24397331989951243
195.43429844097994 0.26135222426337357
196.43652561247217 0.2496950153019297
197.43875278396436 0.212623493014823
198.44097995545656 0.22477897194783747
199.44320712694878 0.2313586305888448
200.44543429844097 0.22418784424408686
201.44766146993317 0.25926902966592835
202.4498886414254 0.22386807006938608
203.45211581291758 0.22541953886258365
204.45434298440978 0.2096868237673217
205.456570155902 0.1678006438736102
206.4587973273942 0.11482644683679423
207.46102449888642 0.08465510185355299
208.4632516703786 0.09520891761851474
209.4654788418708 0.08927070881809165
210.46770601336303 0.08748730131131646
211.46993318485522 0.09586265091289811
212.47216035634744 0.09203899369586806
213.47438752783964 0.12504386946735524
214.47661469933183 0.14699409710659542
215.47884187082406 0.1634032552234993
216.48106904231625 0.18863958815082438
217.48329621380844 0.2376452471345269
218.48552338530067 0.23782197073999473
219.48775055679286 0.20980500250382142
220.48997772828506 0.19359535901108044
221.49220489977728 0.19401586791262015
222.49443207126947 0.20549357674479304
223.4966592427617 0.2368812994116353
224.4988864142539 0.2484012767715276
225.50111358574608 0.24113349151163713
226.5033407572383 0.26574363264393375
227.5055679287305 0.2712371003492792
228.50779510022272 0.2671026176701077
229.51002227171492 0.23285009633195655
230.5122494432071 0.25808168886378896
231.51447661469933 0.26782881838753114
232.51670378619153 0.23929443758377864
233.51893095768372 0.22130065533697918
234.52115812917594 0.15983323194926752
235.52338530066814 0.11203378423166559
236.52561247216033 0.10571579874688797
237.52783964365256 0.08643337958749124
238.53006681514475 0.08852286737123218
239.53229398663697 0.08442981700273305
240.53452115812917 0.12287677469066542
241.53674832962136 0.11527587128699092
242.53897550111358 0.11430436015264658
243.54120267260578 0.1324639028023903
244.543429844098 0.14024949522772265
245.5456570155902 0.17968187315398768
246.5478841870824 0.20534759212272494
247.5501113585746 0.1832580689167347
248.5523385300668 0.1755349074673525
249.554565701559 0.17514047772026153
250.55679287305122 0.19326858552000067
251.55902004454342 0.17625874981833903
252.5612472160356 0.2164205824224491
253.56347438752783 0.24662100361426795
254.56570155902003 0.28802875184396715
255.56792873051225 0.3009526887728378
256.57015590200444 0.30309279461826844
257.57238307349667 0.26249219901033977
258.57461024498883 0.2675889024282411
259.57683741648106 0.2771568069078706
260.5790645879733 0.2754449170548953
261.58129175946544 0.2233631345840641
262.58351893095767 0.20596532266687287
263.5857461024499 0.17895464542810888
264.5879732739421 0.1323836194570578
265.5902004454343 0.10594796170122417
266.5924276169265 0.09019932694582904
267.5946547884187 0.08620800513042973
268.5968819599109 0.12684106003418433
269.5991091314031 0.12626567142785614
270.60133630289533 0.12948571187482455
271.6035634743875 0.10719758193050051
272.6057906458797 0.1355078568997859
273.60801781737194 0.1347222632246581
274.6102449888641 0.13168598894057534
275.61247216035633 0.15489967740205518
276.61469933184856 0.15153462385321098
277.6169265033407 0.16078193957095957
278.61915367483294 0.17609049681856054
279.62138084632517 0.15053593848227495
280.62360801781733 0.1747982317963847
281.62583518930956 0.211029766673681
282.6280623608018 0.2888415801604717
283.630289532294 0.2884601033311763
284.63251670378617 0.30824317581802635
285.6347438752784 0.3142435708284718
286.6369710467706 0.3013127855886724
287.6391982182628 0.2864286863667711
288.641425389755 0.26912651609858856
289.6436525612472 0.23696065086569873
290.6458797327394 0.21853108544528324
291.6481069042316 0.22018545999159342
292.65033407572383 0.19510306910662983
293.652561247216 0.13646038716899878
294.6547884187082 0.11316133851528287
295.65701559020044 0.11372872136312596
296.65924276169267 0.11655809084068418
297.66146993318483 0.13185106862034093
298.66369710467706 0.13787982929472015
299.6659242761693 0.13128841073181804
300.66815144766144 0.1379651567865923
301.67037861915367 0.12693962779390774
302.6726057906459 0.10703179985236362
303.67483296213805 0.09513269429966743
304.6770601336303 0.12621492851290544
305.6792873051225 0.14382343757571014
306.68151447661467 0.13248669282528255
307.6837416481069 0.15090381684523568
308.6859688195991 0.1528635594381024
309.6881959910913 0.18018178465377988
310.6904231625835 0.23743772812176128
311.6926503340757 0.2526348779060398
312.6948775055679 0.29044831413839506
313.6971046770601 0.3159366209101855
314.69933184855233 0.34600155859022796
315.70155902004456 0.3178394354803317
316.7037861915367 0.25161964619200283
317.70601336302894 0.2545858328049856
318.70824053452117 0.22420964917820282
319.71046770601333 0.23049818827858218
320.71269487750556 0.21294747399506003
321.7149220489978 0.18869717206680492
322.71714922048994 0.15467873256545978
323.71937639198217 0.15355321120589913
324.7216035634744 0.1508582111981893
325.72383073496655 0.1271283490540682
326.7260579064588 0.13706412740505622
327.728285077951 0.16479785852923573
328.7305122494432 0.15204378016060024
329.7327394209354 0.14495082208083837
330.7349665924276 0.10790769028580117
331.73719376391983 0.09064909717521753
332.739420935412 0.08461074885745028
333.7416481069042 0.1056837569227282
334.74387527839644 0.10781884429570643
335.7461024498886 0.11544718945921956
336.74832962138083 0.1540624895003328
337.75055679287306 0.17895845450743622
338.7527839643652 0.17424062548807137
339.75501113585744 0.2177110994246427
340.75723830734967 0.24323433524465693
341.75946547884183 0.2921769991504447
342.76169265033406 0.3285707364995309
343.7639198218263 0.31889924657997903
344.76614699331844 0.2798886689116152
345.76837416481067 0.2526311461636413
346.7706013363029 0.24016852525005788
347.7728285077951 0.2393777059468806
348.7750556792873 0.18709697203149261
349.7772828507795 0.2195112011009103
350.7795100222717 0.20648697962526058
351.7817371937639 0.20782871229376587
352.7839643652561 0.1918427802866063
353.78619153674833 0.16639640710356016
354.7884187082405 0.1520128812425168
355.7906458797327 0.16634503721831523
356.79287305122494 0.18246769467480942
357.7951002227171 0.15559497552385254
358.79732739420933 0.12259571433843847
359.79955456570156 0.12022355481150133
360.8017817371938 0.08386985271046961
361.80400890868594 0.07954037722082266
362.80623608017817 0.06990664562660255
363.8084632516704 0.09734847050086577
364.81069042316255 0.12499785524749588
365.8129175946548 0.16253153185266042
366.815144766147 0.17253000864963583
367.81737193763917 0.16552747040551719
368.8195991091314 0.21267270574798364
369.8218262806236 0.2555861690417271
370.8240534521158 0.25387859806232155
371.826280623608 0.2871242672435096
372.8285077951002 0.2749159494632613
373.8307349665924 0.2739173152221819
374.8329621380846 0.2537592377999676
375.83518930957683 0.22794520708757793
376.837416481069 0.19943031095300381
377.8396436525612 0.20028138864008305
378.84187082405344 0.2341585824488709
379.84409799554567 0.2612002631069221
380.84632516703783 0.22016987102469798
381.84855233853006 0.22419966293728108
382.8507795100223 0.2123781244331648
383.85300668151444 0.18972917756949248
384.85523385300667 0.19101466619143484
385.8574610244989 0.16327419984151004
386.85968819599105 0.1501882116738341
387.8619153674833 0.13382412845074826
388.8641425389755 0.1241105968438501
389.86636971046767 0.08505697731309089
390.8685968819599 0.05536879544897134
391.8708240534521 0.07933385483890142
392.87305122494433 0.09304477672787013
393.8752783964365 0.12819708642193375
394.8775055679287 0.14811960442702565
395.87973273942094 0.1660252730268762
396.8819599109131 0.18871643146028355
397.88418708240533 0.20096051888731448
398.88641425389756 0.22229814409872486
399.8886414253897 0.20029742681633106
400.89086859688194 0.2428729207640843
401.89309576837417 0.2728013939439927
402.89532293986633 0.2447541411741828
403.89755011135856 0.23041503133994312
404.8997772828508 0.2050925140489621
405.90200445434294 0.20977953524731838
406.90423162583517 0.23091277764418708
407.9064587973274 0.24615694379031655
408.90868596881955 0.2692907768644619
409.9109131403118 0.25170682305813236
410.913140311804 0.28130461946024393
411.9153674832962 0.2656351348921272
412.9175946547884 0.20888478015098774
413.9198218262806 0.17673104287624003
414.92204899777283 0.17627317211837587
415.924276169265 0.14861858517550558
416.9265033407572 0.14657362450331407
417.92873051224944 0.106419641187785
418.9309576837416 0.08267122730852744
419.93318485523383 0.06889039606835637
420.93541202672606 0.08605894432497353
421.9376391982182 0.08908341352966045
422.93986636971044 0.11134968199855218
423.94209354120267 0.15621353126202897
424.9443207126949 0.1830148418764341
425.94654788418705 0.1750155178790617
426.9487750556793 0.17962353905662548
427.9510022271715 0.1651103446484078
428.95322939866367 0.19102295995259563
429.9554565701559 0.20290022147548145
430.9576837416481 0.2345412233948895
431.9599109131403 0.2014229361534491
432.9621380846325 0.2148752642942092
433.9643652561247 0.2372418911838082
434.9665924276169 0.22314020826309178
435.9688195991091 0.2332132769651836
436.97104677060133 0.25680159541166797
437.9732739420935 0.2862940146076295
438.9755011135857 0.32339100259268216
439.97772828507794 0.2962549968513984
440.9799554565701 0.28859420446975953
441.98218262806233 0.20600415711938813
442.98440979955456 0.20003051375808623
443.9866369710468 0.18445450930307192
444.98886414253894 0.14328186517079802
445.99109131403117 0.1222814339799958
446.9933184855234 0.11808316776780844
447.99554565701555 0.09952236036613006
448.9977728285078 0.0917205684015957
450.0 0.08101487205703502
