0.0 0.043478260869565244
0.9 0.47382144496807177
1.8 0.6644307239613555
2.7 0.8404473329515286
3.5 0.892664071727842
4.4 0.950997239364843
5.3 0.9662038461296218
6.2 0.9846397588529725
7.1 0.9895533473765019
8.0 0.9950574934240931
8.8 0.9967743795519696
9.7 0.9983528438882343
10.6 0.9989786510679407
11.5 0.9994143358601311
12.4 0.999686760567627
13.3 0.9997654020437858
14.2 0.9999298182088215
15.0 0.9998818123828369
15.9 0.9999955321483895
16.8 0.9999179825246572
17.7 0.9999933618494321
18.6 0.9999364434685906
19.5 0.9999839997240904
20.3 0.999959045773422
21.2 0.9999857120389503
22.1 0.9999789112873014
23.0 0.9999880245471333
23.9 0.9999845879450026
24.8 0.9999830312651266
25.7 0.9999802966770954
26.5 0.9999780262702502
27.4 0.9999792419623934
28.3 0.9999809486594863
29.2 0.9999850347218779
30.1 0.9999874978281689
31.0 0.9999895572026228
31.8 0.9999888791670617
32.7 0.9999875699079835
33.6 0.999985296252914
34.5 0.9999842100223214
