0.0 0.04000000000000001
1.0 0.4814169462360978
1.9 0.6844347748295375
2.9 0.8321433866409846
3.8 0.9124854112364896
4.8 0.9466865578066624
5.8 0.9719778712672966
6.7 0.9856946461453432
7.7 0.9908565734761947
8.7 0.9951618921113401
9.6 0.9978660814129933
10.6 0.9982266369227942
11.5 0.9992202609759897
12.5 0.9997136030276128
13.5 0.9995530815375961
14.4 0.9999174653924411
15.4 0.9999497020851705
16.3 0.9998660611889968
17.3 0.9999927863040254
18.3 0.9999742181079856
19.2 0.9999623018621385
20.2 0.9999895428346767
21.2 0.9999747187854479
22.1 0.9999843451424973
23.1 0.9999929649076615
24.0 0.999980060776794
25.0 0.9999825825755441
26.0 0.9999928091055953
26.9 0.9999893178038742
27.9 0.9999843073944841
28.8 0.9999874180732496
29.8 0.9999916644696423
30.8 0.9999911233182455
31.7 0.9999871811946635
32.7 0.9999881739437758
33.7 0.9999930379115466
34.6 0.9999921331277631
35.6 0.9999883023303795
36.5 0.9999898984886788
37.5 0.9999936729889736
