0.0 0.03703703703703704
1.0 0.474629521659859
2.1 0.7067530408736133
3.1 0.8413151692252508
4.2 0.9072503627481378
5.2 0.9498625658134845
6.2 0.9762599285953371
7.3 0.9863697887609951
8.3 0.9919484725072797
9.3 0.9951684371092383
10.4 0.9975172473400057
11.4 0.9991312043486605
12.5 0.9993824528993441
13.5 0.9994806208554817
14.5 0.9997073011919282
15.6 0.9998776757499563
16.6 0.999989336790134
17.7 0.9999656302106429
18.7 0.9999314089658796
19.7 0.9999716154616218
20.8 0.9999898775557631
21.8 0.9999930738513406
22.8 0.9999915877938819
23.9 0.9999776549411867
24.9 0.9999913449488321
26.0 0.9999927049632202
27.0 0.9999898918935235
28.0 0.9999940612548657
29.1 0.9999869145264281
30.1 0.9999939974871818
31.2 0.9999924967694794
32.2 0.9999910699807592
33.2 0.9999949820995945
34.3 0.9999900119030981
35.3 0.9999950237759799
36.3 0.9999928854822684
37.4 0.9999926057862534
38.4 0.9999954605157862
39.5 0.9999916180872979
40.5 0.9999957090626074
