1.000e-01 9.098e-02 9.106e-02 9.114e-02 9.121e-02 9.129e-02 9.136e-02 9.144e-02 9.152e-02
1.099e+00 9.919e-02 1.075e-01 1.157e-01 1.237e-01 1.314e-01 1.388e-01 1.458e-01 1.514e-01
2.098e+00 1.150e-01 1.395e-01 1.632e-01 1.850e-01 2.041e-01 2.185e-01 2.293e-01 2.364e-01
3.097e+00 1.309e-01 1.731e-01 2.127e-01 2.463e-01 2.712e-01 2.861e-01 2.922e-01 2.917e-01
4.096e+00 1.456e-01 2.056e-01 2.612e-01 3.033e-01 3.280e-01 3.365e-01 3.343e-01 3.277e-01
5.095e+00 1.614e-01 2.408e-01 3.110e-01 3.556e-01 3.735e-01 3.721e-01 3.646e-01 3.594e-01
6.094e+00 1.782e-01 2.773e-01 3.580e-01 4.001e-01 4.076e-01 4.003e-01 3.947e-01 3.934e-01
7.093e+00 1.945e-01 3.131e-01 4.019e-01 4.372e-01 4.357e-01 4.280e-01 4.260e-01 4.226e-01
8.092e+00 2.106e-01 3.495e-01 4.429e-01 4.676e-01 4.604e-01 4.570e-01 4.548e-01 4.457e-01
9.091e+00 2.282e-01 3.862e-01 4.787e-01 4.929e-01 4.859e-01 4.849e-01 4.777e-01 4.672e-01
1.009e+01 2.460e-01 4.204e-01 5.102e-01 5.166e-01 5.118e-01 5.092e-01 4.981e-01 4.894e-01
1.109e+01 2.620e-01 4.543e-01 5.392e-01 5.389e-01 5.371e-01 5.305e-01 5.179e-01 5.100e-01
1.209e+01 2.792e-01 4.890e-01 5.657e-01 5.610e-01 5.611e-01 5.495e-01 5.387e-01 5.289e-01
1.309e+01 3.001e-01 5.240e-01 5.900e-01 5.842e-01 5.832e-01 5.676e-01 5.587e-01 5.451e-01
1.409e+01 3.205e-01 5.584e-01 6.124e-01 6.082e-01 6.025e-01 5.870e-01 5.764e-01 5.624e-01
1.509e+01 3.408e-01 5.923e-01 6.336e-01 6.325e-01 6.197e-01 6.071e-01 5.920e-01 5.803e-01
1.608e+01 3.642e-01 6.238e-01 6.550e-01 6.552e-01 6.371e-01 6.253e-01 6.081e-01 5.957e-01
1.708e+01 3.865e-01 6.540e-01 6.762e-01 6.761e-01 6.557e-01 6.417e-01 6.250e-01 6.095e-01
1.808e+01 4.076e-01 6.822e-01 6.974e-01 6.947e-01 6.746e-01 6.566e-01 6.415e-01 6.245e-01
1.908e+01 4.317e-01 7.071e-01 7.192e-01 7.114e-01 6.934e-01 6.719e-01 6.557e-01 6.396e-01
2.008e+01 4.543e-01 7.302e-01 7.402e-01 7.277e-01 7.103e-01 6.882e-01 6.689e-01 6.532e-01
2.108e+01 4.735e-01 7.523e-01 7.605e-01 7.438e-01 7.254e-01 7.041e-01 6.832e-01 6.655e-01
2.208e+01 4.964e-01 7.712e-01 7.803e-01 7.599e-01 7.395e-01 7.185e-01 6.977e-01 6.785e-01
2.308e+01 5.187e-01 7.891e-01 7.979e-01 7.765e-01 7.532e-01 7.316e-01 7.110e-01 6.918e-01
2.408e+01 5.369e-01 8.068e-01 8.145e-01 7.919e-01 7.672e-01 7.440e-01 7.231e-01 7.038e-01
2.508e+01 5.588e-01 8.213e-01 8.300e-01 8.075e-01 7.812e-01 7.568e-01 7.346e-01 7.148e-01
2.607e+01 5.823e-01 8.349e-01 8.431e-01 8.216e-01 7.951e-01 7.699e-01 7.469e-01 7.261e-01
2.707e+01 5.994e-01 8.493e-01 8.555e-01 8.340e-01 8.077e-01 7.823e-01 7.590e-01 7.379e-01
2.807e+01 6.174e-01 8.611e-01 8.671e-01 8.455e-01 8.193e-01 7.938e-01 7.702e-01 7.486e-01
2.907e+01 6.397e-01 8.723e-01 8.773e-01 8.558e-01 8.297e-01 8.041e-01 7.801e-01 7.585e-01
3.007e+01 6.550e-01 8.843e-01 8.877e-01 8.659e-01 8.396e-01 8.139e-01 7.901e-01 7.684e-01
3.107e+01 6.689e-01 8.942e-01 8.974e-01 8.757e-01 8.497e-01 8.240e-01 8.003e-01 7.786e-01
3.207e+01 6.880e-01 9.035e-01 9.067e-01 8.854e-01 8.598e-01 8.343e-01 8.104e-01 7.881e-01
3.307e+01 7.019e-01 9.135e-01 9.161e-01 8.952e-01 8.696e-01 8.440e-01 8.194e-01 7.967e-01
3.407e+01 7.127e-01 9.212e-01 9.245e-01 9.041e-01 8.786e-01 8.526e-01 8.279e-01 8.052e-01
3.507e+01 7.292e-01 9.288e-01 9.325e-01 9.125e-01 8.868e-01 8.605e-01 8.360e-01 8.142e-01
3.606e+01 7.427e-01 9.366e-01 9.400e-01 9.199e-01 8.941e-01 8.683e-01 8.447e-01 8.224e-01
3.706e+01 7.515e-01 9.424e-01 9.464e-01 9.266e-01 9.011e-01 8.761e-01 8.526e-01 8.300e-01
3.806e+01 7.650e-01 9.484e-01 9.525e-01 9.328e-01 9.079e-01 8.838e-01 8.600e-01 8.372e-01
3.906e+01 7.771e-01 9.543e-01 9.576e-01 9.382e-01 9.148e-01 8.912e-01 8.669e-01 8.450e-01
4.006e+01 7.837e-01 9.580e-01 9.619e-01 9.436e-01 9.214e-01 8.975e-01 8.738e-01 8.522e-01
4.106e+01 7.952e-01 9.626e-01 9.663e-01 9.487e-01 9.274e-01 9.036e-01 8.806e-01 8.587e-01
4.206e+01 8.063e-01 9.665e-01 9.695e-01 9.536e-01 9.332e-01 9.094e-01 8.873e-01 8.650e-01
4.306e+01 8.109e-01 9.685e-01 9.726e-01 9.586e-01 9.380e-01 9.154e-01 8.931e-01 8.716e-01
4.406e+01 8.200e-01 9.716e-01 9.759e-01 9.628e-01 9.426e-01 9.210e-01 8.987e-01 8.778e-01
4.506e+01 8.311e-01 9.742e-01 9.782e-01 9.669e-01 9.470e-01 9.264e-01 9.042e-01 8.834e-01
4.605e+01 8.349e-01 9.750e-01 9.809e-01 9.703e-01 9.514e-01 9.310e-01 9.099e-01 8.889e-01
4.705e+01 8.421e-01 9.772e-01 9.835e-01 9.731e-01 9.557e-01 9.354e-01 9.151e-01 8.945e-01
4.805e+01 8.533e-01 9.788e-01 9.852e-01 9.760e-01 9.596e-01 9.397e-01 9.197e-01 8.998e-01
4.905e+01 8.570e-01 9.789e-01 9.874e-01 9.783e-01 9.632e-01 9.441e-01 9.241e-01 9.046e-01
5.005e+01 8.616e-01 9.804e-01 9.890e-01 9.808e-01 9.662e-01 9.483e-01 9.287e-01 9.092e-01
5.105e+01 8.722e-01 9.813e-01 9.902e-01 9.830e-01 9.691e-01 9.519e-01 9.331e-01 9.139e-01
5.205e+01 8.763e-01 9.810e-01 9.917e-01 9.850e-01 9.718e-01 9.552e-01 9.371e-01 9.185e-01
5.305e+01 8.794e-01 9.822e-01 9.925e-01 9.871e-01 9.745e-01 9.583e-01 9.407e-01 9.225e-01
5.405e+01 8.888e-01 9.828e-01 9.933e-01 9.887e-01 9.770e-01 9.615e-01 9.442e-01 9.264e-01
5.505e+01 8.933e-01 9.826e-01 9.941e-01 9.903e-01 9.793e-01 9.645e-01 9.478e-01 9.303e-01
5.604e+01 8.954e-01 9.838e-01 9.942e-01 9.915e-01 9.815e-01 9.674e-01 9.513e-01 9.342e-01
5.704e+01 9.041e-01 9.841e-01 9.948e-01 9.924e-01 9.832e-01 9.699e-01 9.543e-01 9.376e-01
5.804e+01 9.089e-01 9.840e-01 9.951e-01 9.935e-01 9.849e-01 9.722e-01 9.571e-01 9.409e-01
5.904e+01 9.101e-01 9.853e-01 9.951e-01 9.941e-01 9.863e-01 9.743e-01 9.598e-01 9.441e-01
6.004e+01 9.177e-01 9.854e-01 9.957e-01 9.950e-01 9.879e-01 9.765e-01 9.626e-01 9.475e-01
6.104e+01 9.228e-01 9.855e-01 9.956e-01 9.957e-01 9.893e-01 9.786e-01 9.652e-01 9.503e-01
6.204e+01 9.230e-01 9.870e-01 9.958e-01 9.962e-01 9.905e-01 9.804e-01 9.675e-01 9.530e-01
6.304e+01 9.295e-01 9.871e-01 9.961e-01 9.970e-01 9.918e-01 9.821e-01 9.696e-01 9.557e-01
6.404e+01 9.348e-01 9.873e-01 9.959e-01 9.972e-01 9.926e-01 9.835e-01 9.717e-01 9.584e-01
6.503e+01 9.340e-01 9.889e-01 9.962e-01 9.976e-01 9.935e-01 9.850e-01 9.738e-01 9.607e-01
6.603e+01 9.393e-01 9.888e-01 9.964e-01 9.979e-01 9.942e-01 9.864e-01 9.758e-01 9.629e-01
6.703e+01 9.452e-01 9.891e-01 9.961e-01 9.980e-01 9.949e-01 9.878e-01 9.774e-01 9.652e-01
6.803e+01 9.440e-01 9.904e-01 9.964e-01 9.984e-01 9.956e-01 9.889e-01 9.790e-01 9.674e-01
6.903e+01 9.476e-01 9.902e-01 9.962e-01 9.983e-01 9.962e-01 9.900e-01 9.806e-01 9.693e-01
7.003e+01 9.537e-01 9.905e-01 9.960e-01 9.985e-01 9.968e-01 9.908e-01 9.822e-01 9.711e-01
7.103e+01 9.523e-01 9.917e-01 9.962e-01 9.985e-01 9.971e-01 9.918e-01 9.835e-01 9.729e-01
7.203e+01 9.543e-01 9.914e-01 9.958e-01 9.985e-01 9.975e-01 9.926e-01 9.847e-01 9.747e-01
7.303e+01 9.603e-01 9.917e-01 9.959e-01 9.987e-01 9.977e-01 9.935e-01 9.859e-01 9.764e-01
7.403e+01 9.592e-01 9.927e-01 9.959e-01 9.985e-01 9.981e-01 9.941e-01 9.871e-01 9.778e-01
7.503e+01 9.597e-01 9.922e-01 9.956e-01 9.986e-01 9.983e-01 9.947e-01 9.881e-01 9.792e-01
7.602e+01 9.653e-01 9.928e-01 9.959e-01 9.985e-01 9.985e-01 9.952e-01 9.892e-01 9.806e-01
7.702e+01 9.646e-01 9.935e-01 9.958e-01 9.984e-01 9.988e-01 9.958e-01 9.900e-01 9.820e-01
7.802e+01 9.641e-01 9.930e-01 9.957e-01 9.985e-01 9.988e-01 9.963e-01 9.908e-01 9.831e-01
7.902e+01 9.693e-01 9.938e-01 9.961e-01 9.982e-01 9.990e-01 9.967e-01 9.916e-01 9.842e-01
8.002e+01 9.688e-01 9.945e-01 9.959e-01 9.982e-01 9.989e-01 9.971e-01 9.924e-01 9.854e-01
8.102e+01 9.673e-01 9.940e-01 9.960e-01 9.981e-01 9.991e-01 9.973e-01 9.930e-01 9.864e-01
8.202e+01 9.721e-01 9.949e-01 9.962e-01 9.980e-01 9.991e-01 9.977e-01 9.936e-01 9.873e-01
8.302e+01 9.720e-01 9.955e-01 9.959e-01 9.981e-01 9.991e-01 9.979e-01 9.942e-01 9.882e-01
8.402e+01 9.697e-01 9.950e-01 9.962e-01 9.978e-01 9.991e-01 9.982e-01 9.948e-01 9.891e-01
8.502e+01 9.741e-01 9.960e-01 9.962e-01 9.979e-01 9.991e-01 9.983e-01 9.952e-01 9.899e-01
8.601e+01 9.747e-01 9.964e-01 9.960e-01 9.978e-01 9.991e-01 9.985e-01 9.957e-01 9.906e-01
8.701e+01 9.716e-01 9.959e-01 9.964e-01 9.976e-01 9.990e-01 9.986e-01 9.960e-01 9.913e-01
8.801e+01 9.753e-01 9.969e-01 9.961e-01 9.977e-01 9.990e-01 9.988e-01 9.964e-01 9.920e-01
8.901e+01 9.769e-01 9.971e-01 9.962e-01 9.974e-01 9.989e-01 9.988e-01 9.967e-01 9.926e-01
9.001e+01 9.734e-01 9.966e-01 9.965e-01 9.975e-01 9.989e-01 9.990e-01 9.971e-01 9.931e-01
9.101e+01 9.762e-01 9.975e-01 9.963e-01 9.973e-01 9.988e-01 9.990e-01 9.973e-01 9.936e-01
9.201e+01 9.786e-01 9.974e-01 9.967e-01 9.973e-01 9.987e-01 9.990e-01 9.976e-01 9.941e-01
9.301e+01 9.751e-01 9.970e-01 9.968e-01 9.974e-01 9.987e-01 9.991e-01 9.978e-01 9.946e-01
9.401e+01 9.771e-01 9.979e-01 9.967e-01 9.972e-01 9.985e-01 9.991e-01 9.980e-01 9.950e-01
9.501e+01 9.801e-01 9.975e-01 9.971e-01 9.973e-01 9.986e-01 9.991e-01 9.981e-01 9.954e-01
9.600e+01 9.769e-01 9.972e-01 9.969e-01 9.972e-01 9.984e-01 9.991e-01 9.983e-01 9.957e-01
9.700e+01 9.782e-01 9.980e-01 9.970e-01 9.971e-01 9.983e-01 9.991e-01 9.984e-01 9.961e-01
9.800e+01 9.816e-01 9.975e-01 9.972e-01 9.972e-01 9.982e-01 9.990e-01 9.986e-01 9.964e-01
9.900e+01 9.787e-01 9.973e-01 9.969e-01 9.970e-01 9.982e-01 9.991e-01 9.986e-01 9.967e-01
