1.000e-01 4.351e-02 4.355e-02 4.359e-02 4.362e-02 4.366e-02 4.370e-02 4.373e-02 4.377e-02
1.766e+00 5.233e-02 6.137e-02 7.019e-02 7.843e-02 8.586e-02 9.227e-02 9.756e-02 1.010e-01
3.432e+00 6.504e-02 8.817e-02 1.096e-01 1.273e-01 1.396e-01 1.460e-01 1.476e-01 1.463e-01
5.098e+00 7.711e-02 1.153e-01 1.487e-01 1.709e-01 1.792e-01 1.783e-01 1.748e-01 1.725e-01
6.764e+00 9.062e-02 1.444e-01 1.865e-01 2.040e-01 2.045e-01 2.007e-01 1.994e-01 1.988e-01
8.430e+00 1.034e-01 1.730e-01 2.185e-01 2.285e-01 2.249e-01 2.242e-01 2.227e-01 2.182e-01
1.010e+01 1.182e-01 2.023e-01 2.452e-01 2.477e-01 2.459e-01 2.448e-01 2.401e-01 2.359e-01
1.176e+01 1.314e-01 2.297e-01 2.672e-01 2.654e-01 2.662e-01 2.611e-01 2.564e-01 2.521e-01
1.343e+01 1.476e-01 2.560e-01 2.856e-01 2.841e-01 2.833e-01 2.762e-01 2.720e-01 2.658e-01
1.509e+01 1.613e-01 2.802e-01 3.013e-01 3.021e-01 2.969e-01 2.919e-01 2.849e-01 2.799e-01
1.676e+01 1.783e-01 3.019e-01 3.167e-01 3.185e-01 3.106e-01 3.054e-01 2.981e-01 2.919e-01
1.843e+01 1.929e-01 3.227e-01 3.319e-01 3.324e-01 3.248e-01 3.171e-01 3.109e-01 3.034e-01
2.009e+01 2.104e-01 3.398e-01 3.477e-01 3.447e-01 3.381e-01 3.293e-01 3.216e-01 3.144e-01
2.176e+01 2.255e-01 3.565e-01 3.629e-01 3.569e-01 3.493e-01 3.410e-01 3.326e-01 3.247e-01
2.342e+01 2.427e-01 3.704e-01 3.771e-01 3.692e-01 3.601e-01 3.515e-01 3.429e-01 3.348e-01
2.509e+01 2.583e-01 3.846e-01 3.908e-01 3.818e-01 3.713e-01 3.613e-01 3.524e-01 3.440e-01
2.676e+01 2.763e-01 3.969e-01 4.020e-01 3.935e-01 3.825e-01 3.714e-01 3.618e-01 3.534e-01
2.842e+01 2.928e-01 4.093e-01 4.131e-01 4.039e-01 3.925e-01 3.812e-01 3.713e-01 3.623e-01
3.009e+01 3.102e-01 4.221e-01 4.234e-01 4.131e-01 4.012e-01 3.895e-01 3.796e-01 3.699e-01
3.175e+01 3.266e-01 4.335e-01 4.339e-01 4.227e-01 4.104e-01 3.988e-01 3.878e-01 3.783e-01
3.342e+01 3.415e-01 4.457e-01 4.445e-01 4.327e-01 4.196e-01 4.071e-01 3.957e-01 3.855e-01
3.509e+01 3.586e-01 4.572e-01 4.550e-01 4.425e-01 4.279e-01 4.153e-01 4.035e-01 3.933e-01
3.675e+01 3.722e-01 4.686e-01 4.653e-01 4.512e-01 4.364e-01 4.226e-01 4.111e-01 4.002e-01
3.842e+01 3.880e-01 4.800e-01 4.751e-01 4.599e-01 4.441e-01 4.303e-01 4.182e-01 4.072e-01
4.008e+01 4.012e-01 4.911e-01 4.845e-01 4.677e-01 4.516e-01 4.380e-01 4.248e-01 4.138e-01
4.175e+01 4.170e-01 5.015e-01 4.932e-01 4.758e-01 4.600e-01 4.449e-01 4.319e-01 4.205e-01
4.342e+01 4.305e-01 5.118e-01 5.011e-01 4.838e-01 4.670e-01 4.518e-01 4.386e-01 4.268e-01
4.508e+01 4.447e-01 5.211e-01 5.094e-01 4.915e-01 4.743e-01 4.589e-01 4.453e-01 4.337e-01
4.675e+01 4.579e-01 5.303e-01 5.170e-01 4.995e-01 4.811e-01 4.655e-01 4.518e-01 4.397e-01
4.841e+01 4.729e-01 5.394e-01 5.252e-01 5.069e-01 4.882e-01 4.720e-01 4.580e-01 4.457e-01
5.008e+01 4.857e-01 5.483e-01 5.336e-01 5.139e-01 4.950e-01 4.784e-01 4.642e-01 4.518e-01
5.175e+01 4.988e-01 5.567e-01 5.415e-01 5.205e-01 5.017e-01 4.850e-01 4.703e-01 4.575e-01
5.341e+01 5.123e-01 5.648e-01 5.496e-01 5.273e-01 5.077e-01 4.912e-01 4.765e-01 4.637e-01
5.508e+01 5.245e-01 5.736e-01 5.573e-01 5.343e-01 5.140e-01 4.969e-01 4.820e-01 4.692e-01
5.674e+01 5.375e-01 5.820e-01 5.643e-01 5.415e-01 5.208e-01 5.030e-01 4.880e-01 4.748e-01
5.841e+01 5.497e-01 5.909e-01 5.712e-01 5.477e-01 5.267e-01 5.088e-01 4.932e-01 4.802e-01
6.008e+01 5.615e-01 5.996e-01 5.775e-01 5.538e-01 5.326e-01 5.145e-01 4.989e-01 4.856e-01
6.174e+01 5.736e-01 6.084e-01 5.845e-01 5.600e-01 5.381e-01 5.195e-01 5.039e-01 4.905e-01
6.341e+01 5.845e-01 6.171e-01 5.918e-01 5.662e-01 5.441e-01 5.254e-01 5.096e-01 4.959e-01
6.507e+01 5.968e-01 6.257e-01 5.989e-01 5.723e-01 5.497e-01 5.306e-01 5.143e-01 5.006e-01
6.674e+01 6.064e-01 6.346e-01 6.063e-01 5.790e-01 5.554e-01 5.360e-01 5.198e-01 5.056e-01
6.841e+01 6.186e-01 6.428e-01 6.130e-01 5.847e-01 5.607e-01 5.412e-01 5.247e-01 5.105e-01
7.007e+01 6.273e-01 6.504e-01 6.196e-01 5.902e-01 5.662e-01 5.466e-01 5.296e-01 5.157e-01
7.174e+01 6.393e-01 6.584e-01 6.260e-01 5.959e-01 5.717e-01 5.513e-01 5.343e-01 5.202e-01
7.340e+01 6.475e-01 6.656e-01 6.319e-01 6.016e-01 5.770e-01 5.564e-01 5.392e-01 5.251e-01
7.507e+01 6.586e-01 6.731e-01 6.380e-01 6.076e-01 5.820e-01 5.612e-01 5.439e-01 5.294e-01
7.674e+01 6.669e-01 6.797e-01 6.445e-01 6.131e-01 5.872e-01 5.665e-01 5.489e-01 5.338e-01
7.840e+01 6.767e-01 6.872e-01 6.506e-01 6.189e-01 5.923e-01 5.707e-01 5.533e-01 5.384e-01
8.007e+01 6.858e-01 6.941e-01 6.573e-01 6.239e-01 5.974e-01 5.757e-01 5.576e-01 5.430e-01
8.173e+01 6.940e-01 7.009e-01 6.636e-01 6.291e-01 6.024e-01 5.803e-01 5.620e-01 5.471e-01
8.340e+01 7.039e-01 7.083e-01 6.695e-01 6.346e-01 6.071e-01 5.847e-01 5.667e-01 5.513e-01
8.507e+01 7.108e-01 7.151e-01 6.755e-01 6.401e-01 6.116e-01 5.891e-01 5.706e-01 5.555e-01
8.673e+01 7.213e-01 7.225e-01 6.808e-01 6.452e-01 6.166e-01 5.937e-01 5.752e-01 5.598e-01
8.840e+01 7.275e-01 7.290e-01 6.864e-01 6.504e-01 6.214e-01 5.982e-01 5.792e-01 5.630e-01
9.006e+01 7.378e-01 7.362e-01 6.920e-01 6.553e-01 6.259e-01 6.024e-01 5.835e-01 5.675e-01
9.173e+01 7.435e-01 7.428e-01 6.975e-01 6.600e-01 6.303e-01 6.067e-01 5.873e-01 5.710e-01
9.340e+01 7.538e-01 7.488e-01 7.032e-01 6.652e-01 6.352e-01 6.111e-01 5.914e-01 5.750e-01
9.506e+01 7.593e-01 7.556e-01 7.090e-01 6.703e-01 6.398e-01 6.152e-01 5.951e-01 5.790e-01
9.673e+01 7.685e-01 7.610e-01 7.146e-01 6.753e-01 6.440e-01 6.193e-01 5.993e-01 5.830e-01
9.839e+01 7.748e-01 7.672e-01 7.200e-01 6.802e-01 6.484e-01 6.234e-01 6.029e-01 5.865e-01
1.001e+02 7.826e-01 7.725e-01 7.249e-01 6.845e-01 6.528e-01 6.276e-01 6.069e-01 5.904e-01
1.017e+02 7.902e-01 7.781e-01 7.301e-01 6.893e-01 6.572e-01 6.315e-01 6.107e-01 5.936e-01
1.034e+02 7.964e-01 7.836e-01 7.350e-01 6.940e-01 6.614e-01 6.354e-01 6.143e-01 5.975e-01
1.051e+02 8.044e-01 7.888e-01 7.399e-01 6.988e-01 6.656e-01 6.396e-01 6.184e-01 6.009e-01
1.067e+02 8.097e-01 7.944e-01 7.449e-01 7.032e-01 6.698e-01 6.435e-01 6.220e-01 6.045e-01
1.084e+02 8.179e-01 7.995e-01 7.498e-01 7.078e-01 6.742e-01 6.474e-01 6.258e-01 6.077e-01
1.101e+02 8.226e-01 8.049e-01 7.549e-01 7.121e-01 6.783e-01 6.510e-01 6.292e-01 6.114e-01
1.117e+02 8.305e-01 8.104e-01 7.598e-01 7.163e-01 6.824e-01 6.550e-01 6.330e-01 6.149e-01
1.134e+02 8.352e-01 8.154e-01 7.644e-01 7.206e-01 6.861e-01 6.587e-01 6.364e-01 6.181e-01
1.151e+02 8.421e-01 8.207e-01 7.688e-01 7.254e-01 6.904e-01 6.626e-01 6.401e-01 6.217e-01
1.167e+02 8.471e-01 8.256e-01 7.733e-01 7.296e-01 6.943e-01 6.662e-01 6.435e-01 6.249e-01
1.184e+02 8.525e-01 8.305e-01 7.775e-01 7.339e-01 6.983e-01 6.702e-01 6.472e-01 6.282e-01
1.201e+02 8.580e-01 8.349e-01 7.819e-01 7.376e-01 7.023e-01 6.738e-01 6.507e-01 6.320e-01
1.217e+02 8.626e-01 8.392e-01 7.864e-01 7.417e-01 7.062e-01 6.774e-01 6.544e-01 6.354e-01
1.234e+02 8.683e-01 8.437e-01 7.907e-01 7.458e-01 7.097e-01 6.812e-01 6.579e-01 6.389e-01
1.251e+02 8.721e-01 8.477e-01 7.951e-01 7.499e-01 7.137e-01 6.845e-01 6.612e-01 6.421e-01
1.267e+02 8.773e-01 8.519e-01 7.992e-01 7.540e-01 7.176e-01 6.883e-01 6.649e-01 6.456e-01
1.284e+02 8.810e-01 8.558e-01 8.032e-01 7.575e-01 7.211e-01 6.918e-01 6.680e-01 6.486e-01
1.300e+02 8.858e-01 8.598e-01 8.070e-01 7.615e-01 7.248e-01 6.956e-01 6.717e-01 6.522e-01
1.317e+02 8.894e-01 8.638e-01 8.108e-01 7.651e-01 7.283e-01 6.985e-01 6.746e-01 6.552e-01
1.334e+02 8.932e-01 8.678e-01 8.146e-01 7.690e-01 7.321e-01 7.023e-01 6.782e-01 6.585e-01
1.350e+02 8.973e-01 8.716e-01 8.184e-01 7.726e-01 7.352e-01 7.054e-01 6.812e-01 6.615e-01
1.367e+02 9.001e-01 8.756e-01 8.224e-01 7.765e-01 7.389e-01 7.091e-01 6.848e-01 6.648e-01
1.384e+02 9.044e-01 8.791e-01 8.259e-01 7.797e-01 7.421e-01 7.119e-01 6.876e-01 6.677e-01
1.400e+02 9.068e-01 8.830e-01 8.299e-01 7.834e-01 7.461e-01 7.157e-01 6.913e-01 6.712e-01
1.417e+02 9.109e-01 8.863e-01 8.332e-01 7.865e-01 7.490e-01 7.185e-01 6.937e-01 6.738e-01
1.434e+02 9.134e-01 8.899e-01 8.369e-01 7.903e-01 7.525e-01 7.220e-01 6.974e-01 6.771e-01
1.450e+02 9.166e-01 8.931e-01 8.400e-01 7.936e-01 7.556e-01 7.249e-01 7.001e-01 6.798e-01
1.467e+02 9.194e-01 8.962e-01 8.434e-01 7.972e-01 7.593e-01 7.285e-01 7.037e-01 6.831e-01
1.484e+02 9.219e-01 8.994e-01 8.466e-01 8.001e-01 7.620e-01 7.313e-01 7.061e-01 6.860e-01
1.500e+02 9.252e-01 9.021e-01 8.500e-01 8.037e-01 7.656e-01 7.346e-01 7.097e-01 6.894e-01
1.517e+02 9.267e-01 9.053e-01 8.531e-01 8.065e-01 7.681e-01 7.373e-01 7.120e-01 6.916e-01
1.534e+02 9.306e-01 9.079e-01 8.566e-01 8.101e-01 7.719e-01 7.407e-01 7.154e-01 6.949e-01
1.550e+02 9.313e-01 9.107e-01 8.595e-01 8.128e-01 7.743e-01 7.431e-01 7.176e-01 6.972e-01
1.567e+02 9.355e-01 9.136e-01 8.627e-01 8.164e-01 7.778e-01 7.464e-01 7.212e-01 7.004e-01
1.584e+02 9.359e-01 9.161e-01 8.656e-01 8.191e-01 7.804e-01 7.490e-01 7.230e-01 7.026e-01
1.600e+02 9.398e-01 9.191e-01 8.684e-01 8.222e-01 7.835e-01 7.524e-01 7.267e-01 7.058e-01
1.617e+02 9.404e-01 9.215e-01 8.713e-01 8.250e-01 7.864e-01 7.544e-01 7.286e-01 7.076e-01
1.634e+02 9.435e-01 9.242e-01 8.742e-01 8.282e-01 7.895e-01 7.579e-01 7.320e-01 7.110e-01
1.650e+02 9.449e-01 9.267e-01 8.768e-01 8.310e-01 7.920e-01 7.601e-01 7.341e-01 7.131e-01
1.667e+02 9.467e-01 9.290e-01 8.799e-01 8.339e-01 7.951e-01 7.633e-01 7.376e-01 7.160e-01
1.684e+02 9.491e-01 9.316e-01 8.826e-01 8.366e-01 7.977e-01 7.656e-01 7.394e-01 7.179e-01
1.700e+02 9.497e-01 9.335e-01 8.852e-01 8.394e-01 8.008e-01 7.689e-01 7.427e-01 7.212e-01
1.717e+02 9.529e-01 9.360e-01 8.879e-01 8.420e-01 8.033e-01 7.713e-01 7.447e-01 7.232e-01
1.734e+02 9.526e-01 9.377e-01 8.901e-01 8.450e-01 8.062e-01 7.740e-01 7.477e-01 7.261e-01
1.750e+02 9.561e-01 9.398e-01 8.927e-01 8.476e-01 8.087e-01 7.765e-01 7.502e-01 7.285e-01
1.767e+02 9.555e-01 9.418e-01 8.951e-01 8.502e-01 8.115e-01 7.794e-01 7.529e-01 7.309e-01
1.784e+02 9.587e-01 9.435e-01 8.974e-01 8.528e-01 8.141e-01 7.818e-01 7.552e-01 7.335e-01
1.800e+02 9.584e-01 9.456e-01 8.999e-01 8.552e-01 8.166e-01 7.844e-01 7.578e-01 7.360e-01
1.817e+02 9.609e-01 9.472e-01 9.023e-01 8.577e-01 8.192e-01 7.869e-01 7.603e-01 7.383e-01
1.834e+02 9.611e-01 9.492e-01 9.046e-01 8.603e-01 8.219e-01 7.895e-01 7.626e-01 7.406e-01
1.850e+02 9.626e-01 9.509e-01 9.069e-01 8.629e-01 8.242e-01 7.922e-01 7.654e-01 7.433e-01
1.867e+02 9.637e-01 9.526e-01 9.089e-01 8.651e-01 8.268e-01 7.943e-01 7.674e-01 7.448e-01
1.884e+02 9.642e-01 9.544e-01 9.110e-01 8.675e-01 8.293e-01 7.971e-01 7.702e-01 7.482e-01
1.900e+02 9.658e-01 9.559e-01 9.130e-01 8.697e-01 8.315e-01 7.994e-01 7.724e-01 7.502e-01
1.917e+02 9.657e-01 9.576e-01 9.151e-01 8.721e-01 8.342e-01 8.019e-01 7.750e-01 7.527e-01
1.934e+02 9.676e-01 9.589e-01 9.171e-01 8.743e-01 8.363e-01 8.042e-01 7.772e-01 7.548e-01
1.950e+02 9.672e-01 9.604e-01 9.192e-01 8.768e-01 8.390e-01 8.068e-01 7.800e-01 7.576e-01
1.967e+02 9.689e-01 9.618e-01 9.211e-01 8.789e-01 8.410e-01 8.090e-01 7.818e-01 7.593e-01
1.984e+02 9.687e-01 9.629e-01 9.231e-01 8.810e-01 8.435e-01 8.115e-01 7.846e-01 7.623e-01
2.000e+02 9.698e-01 9.643e-01 9.249e-01 8.830e-01 8.457e-01 8.135e-01 7.867e-01 7.642e-01
2.017e+02 9.702e-01 9.654e-01 9.266e-01 8.852e-01 8.479e-01 8.161e-01 7.893e-01 7.669e-01
2.034e+02 9.706e-01 9.666e-01 9.284e-01 8.873e-01 8.501e-01 8.181e-01 7.912e-01 7.689e-01
2.050e+02 9.714e-01 9.679e-01 9.301e-01 8.893e-01 8.522e-01 8.204e-01 7.938e-01 7.717e-01
2.067e+02 9.713e-01 9.689e-01 9.318e-01 8.914e-01 8.544e-01 8.226e-01 7.957e-01 7.729e-01
2.084e+02 9.724e-01 9.701e-01 9.335e-01 8.931e-01 8.564e-01 8.247e-01 7.981e-01 7.760e-01
2.100e+02 9.720e-01 9.711e-01 9.352e-01 8.951e-01 8.586e-01 8.269e-01 8.001e-01 7.775e-01
2.117e+02 9.730e-01 9.721e-01 9.367e-01 8.969e-01 8.605e-01 8.290e-01 8.025e-01 7.800e-01
2.133e+02 9.728e-01 9.733e-01 9.384e-01 8.990e-01 8.627e-01 8.312e-01 8.045e-01 7.819e-01
2.150e+02 9.734e-01 9.741e-01 9.398e-01 9.006e-01 8.646e-01 8.332e-01 8.067e-01 7.844e-01
2.167e+02 9.737e-01 9.752e-01 9.414e-01 9.028e-01 8.667e-01 8.354e-01 8.087e-01 7.861e-01
2.183e+02 9.736e-01 9.760e-01 9.428e-01 9.042e-01 8.682e-01 8.373e-01 8.108e-01 7.886e-01
2.200e+02 9.745e-01 9.768e-01 9.442e-01 9.062e-01 8.706e-01 8.393e-01 8.127e-01 7.904e-01
2.217e+02 9.739e-01 9.777e-01 9.455e-01 9.077e-01 8.722e-01 8.410e-01 8.147e-01 7.925e-01
2.233e+02 9.751e-01 9.783e-01 9.471e-01 9.098e-01 8.745e-01 8.432e-01 8.167e-01 7.943e-01
2.250e+02 9.743e-01 9.792e-01 9.483e-01 9.110e-01 8.758e-01 8.448e-01 8.187e-01 7.964e-01
2.267e+02 9.755e-01 9.797e-01 9.499e-01 9.131e-01 8.780e-01 8.471e-01 8.208e-01 7.983e-01
2.283e+02 9.749e-01 9.805e-01 9.510e-01 9.144e-01 8.794e-01 8.486e-01 8.223e-01 8.004e-01
2.300e+02 9.756e-01 9.811e-01 9.523e-01 9.163e-01 8.817e-01 8.508e-01 8.245e-01 8.022e-01
2.317e+02 9.756e-01 9.817e-01 9.535e-01 9.176e-01 8.829e-01 8.521e-01 8.260e-01 8.038e-01
2.333e+02 9.756e-01 9.825e-01 9.546e-01 9.195e-01 8.850e-01 8.545e-01 8.282e-01 8.060e-01
2.350e+02 9.764e-01 9.828e-01 9.558e-01 9.207e-01 8.863e-01 8.556e-01 8.295e-01 8.073e-01
2.367e+02 9.755e-01 9.837e-01 9.570e-01 9.225e-01 8.887e-01 8.582e-01 8.318e-01 8.096e-01
2.383e+02 9.770e-01 9.841e-01 9.580e-01 9.238e-01 8.898e-01 8.593e-01 8.329e-01 8.107e-01
2.400e+02 9.756e-01 9.846e-01 9.593e-01 9.253e-01 8.919e-01 8.616e-01 8.355e-01 8.130e-01
2.417e+02 9.774e-01 9.852e-01 9.603e-01 9.265e-01 8.931e-01 8.629e-01 8.365e-01 8.142e-01
2.433e+02 9.760e-01 9.855e-01 9.613e-01 9.282e-01 8.951e-01 8.651e-01 8.390e-01 8.167e-01
2.450e+02 9.776e-01 9.862e-01 9.623e-01 9.294e-01 8.964e-01 8.663e-01 8.403e-01 8.179e-01
2.467e+02 9.765e-01 9.863e-01 9.632e-01 9.309e-01 8.983e-01 8.685e-01 8.423e-01 8.201e-01
2.483e+02 9.775e-01 9.869e-01 9.642e-01 9.322e-01 8.994e-01 8.696e-01 8.437e-01 8.215e-01
