1.000e-01 3.707e-02 3.710e-02 3.713e-02 3.716e-02 3.719e-02 3.722e-02 3.725e-02 3.728e-02
1.849e+00 4.514e-02 5.343e-02 6.147e-02 6.896e-02 7.564e-02 8.132e-02 8.594e-02 8.890e-02
3.599e+00 5.642e-02 7.736e-02 9.694e-02 1.125e-01 1.229e-01 1.281e-01 1.287e-01 1.272e-01
5.348e+00 6.741e-02 1.019e-01 1.317e-01 1.502e-01 1.573e-01 1.552e-01 1.520e-01 1.504e-01
7.098e+00 7.945e-02 1.277e-01 1.644e-01 1.787e-01 1.780e-01 1.749e-01 1.746e-01 1.738e-01
8.847e+00 9.095e-02 1.539e-01 1.920e-01 1.992e-01 1.961e-01 1.962e-01 1.942e-01 1.898e-01
1.060e+01 1.043e-01 1.793e-01 2.148e-01 2.159e-01 2.150e-01 2.138e-01 2.083e-01 2.065e-01
1.235e+01 1.165e-01 2.040e-01 2.335e-01 2.317e-01 2.327e-01 2.271e-01 2.236e-01 2.197e-01
1.410e+01 1.306e-01 2.263e-01 2.488e-01 2.484e-01 2.463e-01 2.406e-01 2.369e-01 2.317e-01
1.585e+01 1.439e-01 2.482e-01 2.626e-01 2.643e-01 2.585e-01 2.545e-01 2.485e-01 2.438e-01
1.759e+01 1.580e-01 2.662e-01 2.764e-01 2.779e-01 2.713e-01 2.658e-01 2.602e-01 2.546e-01
1.934e+01 1.728e-01 2.831e-01 2.902e-01 2.896e-01 2.839e-01 2.767e-01 2.699e-01 2.648e-01
2.109e+01 1.865e-01 2.982e-01 3.041e-01 3.002e-01 2.942e-01 2.874e-01 2.799e-01 2.742e-01
2.284e+01 2.024e-01 3.114e-01 3.175e-01 3.109e-01 3.045e-01 2.972e-01 2.899e-01 2.831e-01
2.459e+01 2.158e-01 3.241e-01 3.302e-01 3.223e-01 3.143e-01 3.058e-01 2.988e-01 2.918e-01
2.634e+01 2.321e-01 3.360e-01 3.399e-01 3.334e-01 3.235e-01 3.151e-01 3.069e-01 2.998e-01
2.809e+01 2.460e-01 3.465e-01 3.500e-01 3.428e-01 3.331e-01 3.236e-01 3.154e-01 3.079e-01
2.984e+01 2.611e-01 3.577e-01 3.592e-01 3.513e-01 3.414e-01 3.315e-01 3.233e-01 3.156e-01
3.159e+01 2.752e-01 3.683e-01 3.687e-01 3.597e-01 3.498e-01 3.395e-01 3.309e-01 3.232e-01
3.334e+01 2.898e-01 3.790e-01 3.784e-01 3.687e-01 3.578e-01 3.476e-01 3.383e-01 3.299e-01
3.509e+01 3.057e-01 3.896e-01 3.878e-01 3.779e-01 3.656e-01 3.552e-01 3.452e-01 3.368e-01
3.684e+01 3.193e-01 4.002e-01 3.973e-01 3.858e-01 3.731e-01 3.622e-01 3.522e-01 3.438e-01
3.859e+01 3.341e-01 4.111e-01 4.067e-01 3.935e-01 3.806e-01 3.692e-01 3.590e-01 3.500e-01
4.034e+01 3.467e-01 4.211e-01 4.149e-01 4.006e-01 3.876e-01 3.759e-01 3.655e-01 3.564e-01
4.209e+01 3.608e-01 4.304e-01 4.226e-01 4.075e-01 3.947e-01 3.818e-01 3.719e-01 3.621e-01
4.384e+01 3.736e-01 4.395e-01 4.296e-01 4.151e-01 4.011e-01 3.885e-01 3.778e-01 3.680e-01
4.559e+01 3.855e-01 4.478e-01 4.374e-01 4.222e-01 4.074e-01 3.947e-01 3.834e-01 3.737e-01
4.734e+01 3.980e-01 4.562e-01 4.442e-01 4.293e-01 4.133e-01 4.003e-01 3.891e-01 3.793e-01
4.909e+01 4.082e-01 4.640e-01 4.518e-01 4.353e-01 4.197e-01 4.058e-01 3.944e-01 3.844e-01
5.084e+01 4.205e-01 4.716e-01 4.593e-01 4.414e-01 4.259e-01 4.117e-01 3.997e-01 3.895e-01
5.258e+01 4.302e-01 4.793e-01 4.662e-01 4.473e-01 4.312e-01 4.170e-01 4.048e-01 3.945e-01
5.433e+01 4.413e-01 4.862e-01 4.733e-01 4.538e-01 4.370e-01 4.225e-01 4.100e-01 3.992e-01
5.608e+01 4.506e-01 4.932e-01 4.795e-01 4.602e-01 4.425e-01 4.277e-01 4.151e-01 4.040e-01
5.783e+01 4.606e-01 5.004e-01 4.854e-01 4.661e-01 4.481e-01 4.334e-01 4.204e-01 4.094e-01
5.958e+01 4.701e-01 5.076e-01 4.914e-01 4.717e-01 4.537e-01 4.382e-01 4.252e-01 4.137e-01
6.133e+01 4.792e-01 5.147e-01 4.975e-01 4.770e-01 4.587e-01 4.431e-01 4.301e-01 4.189e-01
6.308e+01 4.887e-01 5.221e-01 5.033e-01 4.823e-01 4.640e-01 4.481e-01 4.347e-01 4.231e-01
6.483e+01 4.975e-01 5.292e-01 5.095e-01 4.879e-01 4.692e-01 4.533e-01 4.395e-01 4.280e-01
6.658e+01 5.065e-01 5.364e-01 5.155e-01 4.936e-01 4.743e-01 4.580e-01 4.440e-01 4.323e-01
6.833e+01 5.154e-01 5.432e-01 5.214e-01 4.989e-01 4.792e-01 4.628e-01 4.491e-01 4.374e-01
7.008e+01 5.234e-01 5.496e-01 5.272e-01 5.039e-01 4.837e-01 4.673e-01 4.533e-01 4.415e-01
7.183e+01 5.318e-01 5.559e-01 5.325e-01 5.085e-01 4.892e-01 4.725e-01 4.581e-01 4.463e-01
7.358e+01 5.400e-01 5.619e-01 5.374e-01 5.138e-01 4.935e-01 4.767e-01 4.623e-01 4.503e-01
7.533e+01 5.478e-01 5.681e-01 5.429e-01 5.186e-01 4.985e-01 4.813e-01 4.672e-01 4.550e-01
7.708e+01 5.566e-01 5.741e-01 5.479e-01 5.238e-01 5.026e-01 4.853e-01 4.710e-01 4.588e-01
7.883e+01 5.640e-01 5.798e-01 5.531e-01 5.285e-01 5.073e-01 4.899e-01 4.756e-01 4.634e-01
8.058e+01 5.728e-01 5.856e-01 5.584e-01 5.330e-01 5.116e-01 4.939e-01 4.791e-01 4.668e-01
8.233e+01 5.801e-01 5.915e-01 5.641e-01 5.375e-01 5.162e-01 4.986e-01 4.837e-01 4.715e-01
8.408e+01 5.885e-01 5.975e-01 5.692e-01 5.420e-01 5.199e-01 5.020e-01 4.872e-01 4.746e-01
8.583e+01 5.962e-01 6.037e-01 5.740e-01 5.468e-01 5.245e-01 5.065e-01 4.910e-01 4.788e-01
8.757e+01 6.037e-01 6.098e-01 5.787e-01 5.511e-01 5.288e-01 5.103e-01 4.951e-01 4.822e-01
8.932e+01 6.123e-01 6.161e-01 5.833e-01 5.558e-01 5.330e-01 5.145e-01 4.991e-01 4.862e-01
9.107e+01 6.191e-01 6.218e-01 5.880e-01 5.598e-01 5.368e-01 5.183e-01 5.030e-01 4.903e-01
9.282e+01 6.282e-01 6.279e-01 5.928e-01 5.641e-01 5.407e-01 5.223e-01 5.065e-01 4.937e-01
9.457e+01 6.348e-01 6.338e-01 5.979e-01 5.687e-01 5.452e-01 5.262e-01 5.103e-01 4.975e-01
9.632e+01 6.432e-01 6.390e-01 6.028e-01 5.727e-01 5.487e-01 5.296e-01 5.138e-01 5.009e-01
9.807e+01 6.509e-01 6.447e-01 6.079e-01 5.773e-01 5.530e-01 5.338e-01 5.180e-01 5.049e-01
9.982e+01 6.577e-01 6.498e-01 6.121e-01 5.811e-01 5.564e-01 5.371e-01 5.209e-01 5.082e-01
1.016e+02 6.661e-01 6.549e-01 6.168e-01 5.851e-01 5.606e-01 5.411e-01 5.248e-01 5.118e-01
1.033e+02 6.721e-01 6.603e-01 6.208e-01 5.887e-01 5.641e-01 5.441e-01 5.283e-01 5.151e-01
1.051e+02 6.808e-01 6.653e-01 6.254e-01 5.937e-01 5.682e-01 5.484e-01 5.320e-01 5.184e-01
1.068e+02 6.867e-01 6.704e-01 6.299e-01 5.974e-01 5.716e-01 5.515e-01 5.350e-01 5.217e-01
1.086e+02 6.947e-01 6.759e-01 6.344e-01 6.010e-01 5.752e-01 5.553e-01 5.386e-01 5.254e-01
1.103e+02 7.016e-01 6.808e-01 6.390e-01 6.048e-01 5.789e-01 5.582e-01 5.420e-01 5.286e-01
1.121e+02 7.073e-01 6.863e-01 6.432e-01 6.087e-01 5.826e-01 5.618e-01 5.454e-01 5.320e-01
1.138e+02 7.157e-01 6.915e-01 6.478e-01 6.129e-01 5.861e-01 5.650e-01 5.483e-01 5.351e-01
1.156e+02 7.204e-01 6.965e-01 6.513e-01 6.162e-01 5.893e-01 5.681e-01 5.516e-01 5.381e-01
1.173e+02 7.285e-01 7.019e-01 6.560e-01 6.207e-01 5.932e-01 5.718e-01 5.550e-01 5.413e-01
1.191e+02 7.331e-01 7.065e-01 6.595e-01 6.237e-01 5.960e-01 5.745e-01 5.575e-01 5.441e-01
1.208e+02 7.404e-01 7.116e-01 6.640e-01 6.278e-01 5.996e-01 5.782e-01 5.610e-01 5.471e-01
1.226e+02 7.462e-01 7.162e-01 6.681e-01 6.307e-01 6.027e-01 5.806e-01 5.633e-01 5.496e-01
1.243e+02 7.512e-01 7.206e-01 6.726e-01 6.351e-01 6.068e-01 5.846e-01 5.669e-01 5.530e-01
1.261e+02 7.586e-01 7.253e-01 6.764e-01 6.384e-01 6.095e-01 5.868e-01 5.693e-01 5.552e-01
1.278e+02 7.626e-01 7.295e-01 6.805e-01 6.423e-01 6.130e-01 5.907e-01 5.730e-01 5.587e-01
1.296e+02 7.696e-01 7.340e-01 6.844e-01 6.457e-01 6.158e-01 5.933e-01 5.752e-01 5.612e-01
1.313e+02 7.734e-01 7.385e-01 6.881e-01 6.491e-01 6.198e-01 5.967e-01 5.787e-01 5.643e-01
1.331e+02 7.799e-01 7.427e-01 6.919e-01 6.526e-01 6.228e-01 5.991e-01 5.813e-01 5.668e-01
1.348e+02 7.847e-01 7.474e-01 6.957e-01 6.560e-01 6.257e-01 6.026e-01 5.841e-01 5.699e-01
1.366e+02 7.893e-01 7.515e-01 6.998e-01 6.598e-01 6.290e-01 6.054e-01 5.871e-01 5.721e-01
1.383e+02 7.953e-01 7.561e-01 7.036e-01 6.630e-01 6.319e-01 6.084e-01 5.897e-01 5.751e-01
1.401e+02 7.987e-01 7.605e-01 7.075e-01 6.663e-01 6.354e-01 6.114e-01 5.924e-01 5.778e-01
1.418e+02 8.047e-01 7.645e-01 7.111e-01 6.694e-01 6.379e-01 6.139e-01 5.954e-01 5.802e-01
1.436e+02 8.087e-01 7.689e-01 7.149e-01 6.730e-01 6.412e-01 6.171e-01 5.983e-01 5.830e-01
1.453e+02 8.136e-01 7.729e-01 7.181e-01 6.763e-01 6.443e-01 6.199e-01 6.006e-01 5.856e-01
1.471e+02 8.181e-01 7.768e-01 7.218e-01 6.797e-01 6.473e-01 6.228e-01 6.036e-01 5.880e-01
1.488e+02 8.220e-01 7.807e-01 7.253e-01 6.829e-01 6.504e-01 6.256e-01 6.057e-01 5.908e-01
1.506e+02 8.273e-01 7.843e-01 7.286e-01 6.857e-01 6.532e-01 6.280e-01 6.088e-01 5.933e-01
1.523e+02 8.304e-01 7.880e-01 7.324e-01 6.891e-01 6.564e-01 6.311e-01 6.113e-01 5.954e-01
1.541e+02 8.358e-01 7.917e-01 7.359e-01 6.922e-01 6.591e-01 6.338e-01 6.137e-01 5.981e-01
1.558e+02 8.389e-01 7.952e-01 7.397e-01 6.956e-01 6.622e-01 6.362e-01 6.163e-01 6.005e-01
1.576e+02 8.435e-01 7.990e-01 7.428e-01 6.987e-01 6.652e-01 6.392e-01 6.189e-01 6.030e-01
1.593e+02 8.477e-01 8.025e-01 7.462e-01 7.018e-01 6.680e-01 6.421e-01 6.215e-01 6.054e-01
1.611e+02 8.511e-01 8.063e-01 7.493e-01 7.047e-01 6.709e-01 6.449e-01 6.245e-01 6.080e-01
1.628e+02 8.558e-01 8.099e-01 7.524e-01 7.078e-01 6.740e-01 6.476e-01 6.270e-01 6.103e-01
1.646e+02 8.588e-01 8.134e-01 7.557e-01 7.111e-01 6.767e-01 6.505e-01 6.298e-01 6.136e-01
1.663e+02 8.633e-01 8.169e-01 7.591e-01 7.140e-01 6.792e-01 6.530e-01 6.322e-01 6.157e-01
1.681e+02 8.665e-01 8.205e-01 7.621e-01 7.171e-01 6.825e-01 6.558e-01 6.351e-01 6.189e-01
1.698e+02 8.703e-01 8.237e-01 7.654e-01 7.198e-01 6.852e-01 6.584e-01 6.373e-01 6.207e-01
1.716e+02 8.739e-01 8.270e-01 7.686e-01 7.227e-01 6.879e-01 6.614e-01 6.406e-01 6.239e-01
1.733e+02 8.772e-01 8.300e-01 7.716e-01 7.255e-01 6.906e-01 6.635e-01 6.423e-01 6.256e-01
1.750e+02 8.808e-01 8.330e-01 7.745e-01 7.287e-01 6.933e-01 6.667e-01 6.454e-01 6.289e-01
1.768e+02 8.839e-01 8.360e-01 7.775e-01 7.317e-01 6.961e-01 6.688e-01 6.476e-01 6.309e-01
1.785e+02 8.871e-01 8.390e-01 7.803e-01 7.342e-01 6.987e-01 6.717e-01 6.502e-01 6.340e-01
1.803e+02 8.904e-01 8.419e-01 7.836e-01 7.371e-01 7.017e-01 6.742e-01 6.528e-01 6.361e-01
1.820e+02 8.932e-01 8.449e-01 7.861e-01 7.394e-01 7.036e-01 6.765e-01 6.551e-01 6.381e-01
1.838e+02 8.963e-01 8.480e-01 7.896e-01 7.428e-01 7.069e-01 6.793e-01 6.579e-01 6.412e-01
1.855e+02 8.991e-01 8.508e-01 7.920e-01 7.448e-01 7.090e-01 6.811e-01 6.596e-01 6.428e-01
1.873e+02 9.018e-01 8.539e-01 7.951e-01 7.484e-01 7.121e-01 6.841e-01 6.629e-01 6.459e-01
1.890e+02 9.049e-01 8.565e-01 7.975e-01 7.502e-01 7.140e-01 6.856e-01 6.640e-01 6.470e-01
1.908e+02 9.067e-01 8.597e-01 8.004e-01 7.532e-01 7.172e-01 6.894e-01 6.677e-01 6.504e-01
1.925e+02 9.103e-01 8.623e-01 8.030e-01 7.555e-01 7.190e-01 6.907e-01 6.690e-01 6.516e-01
1.943e+02 9.117e-01 8.649e-01 8.060e-01 7.586e-01 7.222e-01 6.943e-01 6.721e-01 6.551e-01
1.960e+02 9.148e-01 8.678e-01 8.085e-01 7.609e-01 7.243e-01 6.960e-01 6.738e-01 6.565e-01
1.978e+02 9.169e-01 8.699e-01 8.111e-01 7.634e-01 7.270e-01 6.986e-01 6.767e-01 6.597e-01
1.995e+02 9.189e-01 8.727e-01 8.139e-01 7.661e-01 7.290e-01 7.008e-01 6.786e-01 6.614e-01
2.013e+02 9.217e-01 8.751e-01 8.161e-01 7.683e-01 7.315e-01 7.031e-01 6.814e-01 6.640e-01
2.030e+02 9.227e-01 8.774e-01 8.190e-01 7.711e-01 7.341e-01 7.052e-01 6.830e-01 6.659e-01
2.048e+02 9.262e-01 8.799e-01 8.210e-01 7.731e-01 7.359e-01 7.074e-01 6.855e-01 6.682e-01
2.065e+02 9.268e-01 8.822e-01 8.238e-01 7.759e-01 7.390e-01 7.098e-01 6.881e-01 6.707e-01
2.083e+02 9.297e-01 8.845e-01 8.258e-01 7.778e-01 7.403e-01 7.116e-01 6.891e-01 6.721e-01
2.100e+02 9.310e-01 8.870e-01 8.288e-01 7.805e-01 7.435e-01 7.146e-01 6.924e-01 6.751e-01
2.118e+02 9.328e-01 8.891e-01 8.309e-01 7.826e-01 7.449e-01 7.158e-01 6.933e-01 6.762e-01
2.135e+02 9.353e-01 8.917e-01 8.336e-01 7.854e-01 7.479e-01 7.192e-01 6.966e-01 6.792e-01
2.153e+02 9.358e-01 8.938e-01 8.360e-01 7.875e-01 7.496e-01 7.202e-01 6.976e-01 6.803e-01
2.170e+02 9.388e-01 8.959e-01 8.380e-01 7.900e-01 7.522e-01 7.233e-01 7.004e-01 6.833e-01
2.188e+02 9.392e-01 8.984e-01 8.404e-01 7.924e-01 7.543e-01 7.247e-01 7.017e-01 6.837e-01
2.205e+02 9.416e-01 9.001e-01 8.424e-01 7.942e-01 7.564e-01 7.273e-01 7.046e-01 6.871e-01
2.223e+02 9.429e-01 9.024e-01 8.450e-01 7.967e-01 7.587e-01 7.290e-01 7.058e-01 6.880e-01
2.240e+02 9.441e-01 9.043e-01 8.468e-01 7.984e-01 7.604e-01 7.307e-01 7.083e-01 6.904e-01
2.258e+02 9.466e-01 9.061e-01 8.496e-01 8.014e-01 7.630e-01 7.333e-01 7.100e-01 6.922e-01
2.275e+02 9.465e-01 9.082e-01 8.514e-01 8.028e-01 7.645e-01 7.346e-01 7.115e-01 6.940e-01
2.293e+02 9.495e-01 9.098e-01 8.539e-01 8.056e-01 7.674e-01 7.373e-01 7.142e-01 6.959e-01
2.310e+02 9.495e-01 9.118e-01 8.557e-01 8.073e-01 7.689e-01 7.388e-01 7.154e-01 6.976e-01
2.328e+02 9.517e-01 9.137e-01 8.579e-01 8.097e-01 7.717e-01 7.415e-01 7.181e-01 6.998e-01
2.345e+02 9.527e-01 9.153e-01 8.598e-01 8.118e-01 7.730e-01 7.429e-01 7.195e-01 7.014e-01
2.363e+02 9.536e-01 9.174e-01 8.619e-01 8.141e-01 7.757e-01 7.456e-01 7.218e-01 7.035e-01
2.380e+02 9.558e-01 9.190e-01 8.638e-01 8.161e-01 7.770e-01 7.468e-01 7.233e-01 7.051e-01
2.398e+02 9.556e-01 9.208e-01 8.659e-01 8.180e-01 7.797e-01 7.494e-01 7.255e-01 7.071e-01
2.415e+02 9.582e-01 9.227e-01 8.680e-01 8.199e-01 7.814e-01 7.508e-01 7.272e-01 7.092e-01
2.433e+02 9.579e-01 9.241e-01 8.697e-01 8.220e-01 7.833e-01 7.531e-01 7.291e-01 7.104e-01
2.450e+02 9.599e-01 9.260e-01 8.718e-01 8.241e-01 7.856e-01 7.549e-01 7.311e-01 7.128e-01
2.468e+02 9.605e-01 9.274e-01 8.734e-01 8.259e-01 7.873e-01 7.568e-01 7.328e-01 7.141e-01
2.485e+02 9.613e-01 9.289e-01 8.754e-01 8.280e-01 7.893e-01 7.587e-01 7.348e-01 7.162e-01
2.503e+02 9.629e-01 9.305e-01 8.771e-01 8.299e-01 7.913e-01 7.607e-01 7.364e-01 7.175e-01
2.520e+02 9.628e-01 9.318e-01 8.790e-01 8.318e-01 7.932e-01 7.626e-01 7.384e-01 7.197e-01
2.538e+02 9.647e-01 9.333e-01 8.808e-01 8.338e-01 7.953e-01 7.647e-01 7.404e-01 7.214e-01
2.555e+02 9.645e-01 9.347e-01 8.826e-01 8.355e-01 7.970e-01 7.661e-01 7.417e-01 7.231e-01
2.573e+02 9.660e-01 9.361e-01 8.843e-01 8.376e-01 7.992e-01 7.684e-01 7.444e-01 7.252e-01
2.590e+02 9.665e-01 9.375e-01 8.861e-01 8.394e-01 8.007e-01 7.699e-01 7.453e-01 7.261e-01
2.608e+02 9.670e-01 9.389e-01 8.878e-01 8.412e-01 8.030e-01 7.723e-01 7.479e-01 7.287e-01
2.625e+02 9.681e-01 9.402e-01 8.894e-01 8.430e-01 8.046e-01 7.737e-01 7.492e-01 7.296e-01
2.643e+02 9.681e-01 9.417e-01 8.910e-01 8.450e-01 8.066e-01 7.756e-01 7.515e-01 7.322e-01
2.660e+02 9.693e-01 9.429e-01 8.926e-01 8.468e-01 8.084e-01 7.777e-01 7.531e-01 7.339e-01
2.678e+02 9.695e-01 9.442e-01 8.943e-01 8.484e-01 8.102e-01 7.793e-01 7.552e-01 7.357e-01
2.695e+02 9.701e-01 9.455e-01 8.959e-01 8.502e-01 8.123e-01 7.814e-01 7.569e-01 7.377e-01
2.713e+02 9.708e-01 9.466e-01 8.974e-01 8.517e-01 8.134e-01 7.830e-01 7.586e-01 7.393e-01
2.730e+02 9.709e-01 9.478e-01 8.991e-01 8.537e-01 8.158e-01 7.852e-01 7.609e-01 7.414e-01
2.748e+02 9.718e-01 9.489e-01 9.005e-01 8.551e-01 8.170e-01 7.862e-01 7.617e-01 7.424e-01
2.765e+02 9.718e-01 9.499e-01 9.021e-01 8.570e-01 8.193e-01 7.888e-01 7.644e-01 7.456e-01
2.783e+02 9.725e-01 9.511e-01 9.035e-01 8.584e-01 8.203e-01 7.895e-01 7.650e-01 7.457e-01
2.800e+02 9.728e-01 9.521e-01 9.049e-01 8.603e-01 8.227e-01 7.922e-01 7.681e-01 7.489e-01
2.818e+02 9.730e-01 9.531e-01 9.064e-01 8.617e-01 8.239e-01 7.932e-01 7.686e-01 7.494e-01
2.835e+02 9.737e-01 9.542e-01 9.079e-01 8.634e-01 8.261e-01 7.957e-01 7.714e-01 7.526e-01
2.853e+02 9.736e-01 9.552e-01 9.094e-01 8.651e-01 8.274e-01 7.966e-01 7.720e-01 7.530e-01
2.870e+02 9.742e-01 9.563e-01 9.106e-01 8.663e-01 8.291e-01 7.990e-01 7.748e-01 7.558e-01
2.888e+02 9.744e-01 9.573e-01 9.122e-01 8.681e-01 8.308e-01 8.002e-01 7.759e-01 7.565e-01
2.905e+02 9.746e-01 9.582e-01 9.132e-01 8.691e-01 8.318e-01 8.019e-01 7.780e-01 7.588e-01
2.923e+02 9.751e-01 9.592e-01 9.148e-01 8.712e-01 8.342e-01 8.037e-01 7.793e-01 7.599e-01
2.940e+02 9.750e-01 9.601e-01 9.159e-01 8.721e-01 8.348e-01 8.044e-01 7.807e-01 7.616e-01
2.958e+02 9.756e-01 9.609e-01 9.175e-01 8.744e-01 8.374e-01 8.072e-01 7.828e-01 7.633e-01
2.975e+02 9.756e-01 9.620e-01 9.186e-01 8.752e-01 8.379e-01 8.074e-01 7.834e-01 7.646e-01
2.993e+02 9.758e-01 9.626e-01 9.201e-01 8.772e-01 8.404e-01 8.102e-01 7.858e-01 7.669e-01
3.010e+02 9.764e-01 9.636e-01 9.213e-01 8.782e-01 8.412e-01 8.106e-01 7.863e-01 7.672e-01
3.028e+02 9.759e-01 9.643e-01 9.224e-01 8.800e-01 8.432e-01 8.133e-01 7.891e-01 7.702e-01
3.045e+02 9.769e-01 9.650e-01 9.237e-01 8.812e-01 8.441e-01 8.140e-01 7.898e-01 7.706e-01
3.063e+02 9.762e-01 9.659e-01 9.248e-01 8.826e-01 8.463e-01 8.163e-01 7.923e-01 7.731e-01
3.080e+02 9.771e-01 9.665e-01 9.261e-01 8.841e-01 8.473e-01 8.169e-01 7.929e-01 7.738e-01
3.098e+02 9.769e-01 9.673e-01 9.270e-01 8.850e-01 8.487e-01 8.189e-01 7.950e-01 7.762e-01
3.115e+02 9.769e-01 9.681e-01 9.285e-01 8.868e-01 8.503e-01 8.201e-01 7.961e-01 7.770e-01
3.133e+02 9.776e-01 9.686e-01 9.293e-01 8.876e-01 8.511e-01 8.212e-01 7.973e-01 7.786e-01
3.150e+02 9.768e-01 9.696e-01 9.308e-01 8.896e-01 8.533e-01 8.232e-01 7.990e-01 7.801e-01
3.168e+02 9.780e-01 9.701e-01 9.317e-01 8.903e-01 8.538e-01 8.235e-01 7.996e-01 7.811e-01
3.185e+02 9.770e-01 9.708e-01 9.328e-01 8.922e-01 8.560e-01 8.262e-01 8.017e-01 7.831e-01
3.203e+02 9.780e-01 9.716e-01 9.338e-01 8.931e-01 8.567e-01 8.265e-01 8.023e-01 7.831e-01
3.220e+02 9.776e-01 9.719e-01 9.349e-01 8.946e-01 8.587e-01 8.289e-01 8.048e-01 7.857e-01
3.238e+02 9.776e-01 9.727e-01 9.359e-01 8.956e-01 8.595e-01 8.293e-01 8.050e-01 7.862e-01
3.255e+02 9.782e-01 9.732e-01 9.368e-01 8.970e-01 8.611e-01 8.315e-01 8.074e-01 7.882e-01
3.273e+02 9.773e-01 9.736e-01 9.380e-01 8.983e-01 8.625e-01 8.326e-01 8.080e-01 7.886e-01
3.290e+02 9.785e-01 9.744e-01 9.387e-01 8.992e-01 8.637e-01 8.339e-01 8.099e-01 7.907e-01
3.308e+02 9.774e-01 9.747e-01 9.400e-01 9.007e-01 8.653e-01 8.353e-01 8.110e-01 7.915e-01
3.325e+02 9.783e-01 9.753e-01 9.407e-01 9.014e-01 8.661e-01 8.364e-01 8.123e-01 7.932e-01
3.343e+02 9.780e-01 9.759e-01 9.418e-01 9.032e-01 8.679e-01 8.381e-01 8.136e-01 7.942e-01
3.360e+02 9.777e-01 9.762e-01 9.426e-01 9.039e-01 8.686e-01 8.390e-01 8.149e-01 7.958e-01
3.378e+02 9.785e-01 9.770e-01 9.436e-01 9.055e-01 8.705e-01 8.406e-01 8.161e-01 7.969e-01
3.395e+02 9.774e-01 9.773e-01 9.444e-01 9.062e-01 8.713e-01 8.416e-01 8.177e-01 7.982e-01
3.413e+02 9.786e-01 9.778e-01 9.454e-01 9.077e-01 8.728e-01 8.431e-01 8.189e-01 7.995e-01
3.430e+02 9.775e-01 9.784e-01 9.463e-01 9.085e-01 8.739e-01 8.444e-01 8.204e-01 8.014e-01
3.448e+02 9.782e-01 9.786e-01 9.471e-01 9.099e-01 8.752e-01 8.457e-01 8.213e-01 8.019e-01
3.465e+02 9.780e-01 9.792e-01 9.480e-01 9.109e-01 8.763e-01 8.470e-01 8.233e-01 8.041e-01
3.483e+02 9.776e-01 9.795e-01 9.487e-01 9.119e-01 8.775e-01 8.480e-01 8.238e-01 8.045e-01
