1.000e-01 2.002e-01 2.003e-01 2.005e-01 2.007e-01 2.008e-01 2.010e-01 2.012e-01 2.013e-01
1.099e+00 2.182e-01 2.365e-01 2.546e-01 2.722e-01 2.892e-01 3.053e-01 3.196e-01 3.327e-01
2.098e+00 2.530e-01 3.070e-01 3.592e-01 4.072e-01 4.480e-01 4.807e-01 5.048e-01 5.195e-01
3.097e+00 2.883e-01 3.814e-01 4.696e-01 5.446e-01 5.994e-01 6.328e-01 6.458e-01 6.442e-01
4.096e+00 3.229e-01 4.584e-01 5.833e-01 6.776e-01 7.311e-01 7.471e-01 7.387e-01 7.220e-01
5.095e+00 3.613e-01 5.427e-01 6.990e-01 7.958e-01 8.281e-01 8.191e-01 8.000e-01 7.892e-01
6.094e+00 3.990e-01 6.215e-01 7.953e-01 8.781e-01 8.858e-01 8.687e-01 8.598e-01 8.569e-01
7.093e+00 4.286e-01 6.831e-01 8.633e-01 9.276e-01 9.234e-01 9.138e-01 9.119e-01 9.020e-01
8.092e+00 4.520e-01 7.326e-01 9.109e-01 9.565e-01 9.500e-01 9.499e-01 9.459e-01 9.310e-01
9.091e+00 4.750e-01 7.753e-01 9.413e-01 9.703e-01 9.700e-01 9.744e-01 9.651e-01 9.551e-01
1.009e+01 4.982e-01 8.084e-01 9.576e-01 9.776e-01 9.844e-01 9.863e-01 9.786e-01 9.749e-01
1.109e+01 5.171e-01 8.355e-01 9.683e-01 9.820e-01 9.916e-01 9.920e-01 9.897e-01 9.853e-01
1.209e+01 5.358e-01 8.639e-01 9.756e-01 9.836e-01 9.951e-01 9.954e-01 9.956e-01 9.916e-01
1.309e+01 5.620e-01 8.920e-01 9.787e-01 9.859e-01 9.962e-01 9.969e-01 9.983e-01 9.961e-01
1.409e+01 5.884e-01 9.143e-01 9.816e-01 9.890e-01 9.956e-01 9.980e-01 9.988e-01 9.989e-01
1.509e+01 6.074e-01 9.342e-01 9.849e-01 9.916e-01 9.953e-01 9.980e-01 9.991e-01 9.995e-01
1.608e+01 6.269e-01 9.529e-01 9.867e-01 9.949e-01 9.949e-01 9.982e-01 9.988e-01 9.998e-01
1.708e+01 6.510e-01 9.649e-01 9.895e-01 9.967e-01 9.957e-01 9.977e-01 9.989e-01 9.994e-01
1.808e+01 6.686e-01 9.715e-01 9.931e-01 9.971e-01 9.974e-01 9.972e-01 9.987e-01 9.993e-01
1.908e+01 6.781e-01 9.790e-01 9.946e-01 9.981e-01 9.981e-01 9.977e-01 9.982e-01 9.991e-01
2.008e+01 6.941e-01 9.843e-01 9.958e-01 9.985e-01 9.988e-01 9.982e-01 9.981e-01 9.988e-01
2.108e+01 7.150e-01 9.854e-01 9.974e-01 9.988e-01 9.989e-01 9.989e-01 9.984e-01 9.985e-01
2.208e+01 7.264e-01 9.883e-01 9.972e-01 9.997e-01 9.990e-01 9.988e-01 9.989e-01 9.987e-01
2.308e+01 7.386e-01 9.923e-01 9.973e-01 9.994e-01 9.997e-01 9.990e-01 9.986e-01 9.988e-01
2.408e+01 7.607e-01 9.924e-01 9.987e-01 9.992e-01 9.996e-01 9.994e-01 9.989e-01 9.987e-01
2.508e+01 7.767e-01 9.927e-01 9.987e-01 9.997e-01 9.998e-01 9.995e-01 9.991e-01 9.988e-01
2.607e+01 7.830e-01 9.957e-01 9.986e-01 9.993e-01 9.997e-01 9.998e-01 9.995e-01 9.991e-01
2.707e+01 7.964e-01 9.958e-01 9.996e-01 9.995e-01 9.995e-01 9.995e-01 9.994e-01 9.991e-01
2.807e+01 8.140e-01 9.945e-01 9.992e-01 9.998e-01 9.999e-01 9.997e-01 9.995e-01 9.992e-01
2.907e+01 8.198e-01 9.963e-01 9.986e-01 9.992e-01 9.996e-01 9.997e-01 9.996e-01 9.994e-01
3.007e+01 8.245e-01 9.967e-01 9.996e-01 9.994e-01 9.995e-01 9.996e-01 9.996e-01 9.994e-01
3.107e+01 8.413e-01 9.946e-01 9.994e-01 9.996e-01 9.996e-01 9.996e-01 9.996e-01 9.994e-01
3.207e+01 8.541e-01 9.957e-01 9.989e-01 9.992e-01 9.994e-01 9.995e-01 9.995e-01 9.995e-01
3.307e+01 8.556e-01 9.967e-01 9.997e-01 9.998e-01 9.998e-01 9.998e-01 9.997e-01 9.996e-01
3.407e+01 8.678e-01 9.949e-01 9.993e-01 9.997e-01 9.996e-01 9.995e-01 9.995e-01 9.995e-01
3.507e+01 8.833e-01 9.956e-01 9.987e-01 9.993e-01 9.994e-01 9.995e-01 9.996e-01 9.996e-01
3.606e+01 8.853e-01 9.978e-01 9.996e-01 9.998e-01 9.997e-01 9.996e-01 9.995e-01 9.995e-01
3.706e+01 8.882e-01 9.967e-01 9.992e-01 9.995e-01 9.994e-01 9.995e-01 9.996e-01 9.996e-01
3.806e+01 9.024e-01 9.964e-01 9.990e-01 9.994e-01 9.997e-01 9.997e-01 9.995e-01 9.995e-01
3.906e+01 9.089e-01 9.986e-01 9.999e-01 9.999e-01 9.996e-01 9.994e-01 9.995e-01 9.996e-01
4.006e+01 9.069e-01 9.979e-01 9.994e-01 9.993e-01 9.994e-01 9.996e-01 9.996e-01 9.995e-01
4.106e+01 9.164e-01 9.965e-01 9.989e-01 9.995e-01 9.997e-01 9.995e-01 9.995e-01 9.995e-01
4.206e+01 9.291e-01 9.984e-01 9.998e-01 9.997e-01 9.994e-01 9.996e-01 9.996e-01 9.995e-01
4.306e+01 9.283e-01 9.988e-01 9.993e-01 9.992e-01 9.996e-01 9.996e-01 9.995e-01 9.996e-01
4.406e+01 9.301e-01 9.971e-01 9.989e-01 9.997e-01 9.996e-01 9.994e-01 9.996e-01 9.994e-01
4.506e+01 9.431e-01 9.985e-01 9.998e-01 9.996e-01 9.993e-01 9.997e-01 9.994e-01 9.996e-01
4.605e+01 9.466e-01 9.997e-01 9.994e-01 9.992e-01 9.997e-01 9.994e-01 9.996e-01 9.995e-01
4.705e+01 9.422e-01 9.978e-01 9.989e-01 9.997e-01 9.994e-01 9.995e-01 9.995e-01 9.995e-01
4.805e+01 9.503e-01 9.982e-01 9.997e-01 9.994e-01 9.995e-01 9.995e-01 9.996e-01 9.994e-01
4.905e+01 9.595e-01 9.999e-01 9.992e-01 9.993e-01 9.996e-01 9.994e-01 9.994e-01 9.996e-01
5.005e+01 9.554e-01 9.983e-01 9.988e-01 9.997e-01 9.993e-01 9.996e-01 9.995e-01 9.994e-01
5.105e+01 9.566e-01 9.977e-01 9.997e-01 9.992e-01 9.996e-01 9.993e-01 9.995e-01 9.995e-01
5.205e+01 9.684e-01 9.998e-01 9.993e-01 9.993e-01 9.994e-01 9.995e-01 9.994e-01 9.994e-01
5.305e+01 9.691e-01 9.989e-01 9.988e-01 9.996e-01 9.994e-01 9.994e-01 9.995e-01 9.995e-01
5.405e+01 9.642e-01 9.975e-01 9.996e-01 9.991e-01 9.995e-01 9.995e-01 9.994e-01 9.994e-01
5.505e+01 9.724e-01 9.993e-01 9.991e-01 9.995e-01 9.992e-01 9.994e-01 9.995e-01 9.995e-01
5.604e+01 9.788e-01 9.993e-01 9.987e-01 9.995e-01 9.995e-01 9.993e-01 9.993e-01 9.994e-01
5.704e+01 9.724e-01 9.974e-01 9.996e-01 9.990e-01 9.994e-01 9.995e-01 9.995e-01 9.994e-01
5.804e+01 9.738e-01 9.987e-01 9.992e-01 9.995e-01 9.993e-01 9.993e-01 9.993e-01 9.994e-01
5.904e+01 9.838e-01 9.996e-01 9.987e-01 9.992e-01 9.995e-01 9.995e-01 9.995e-01 9.994e-01
6.004e+01 9.815e-01 9.976e-01 9.995e-01 9.991e-01 9.992e-01 9.993e-01 9.993e-01 9.994e-01
6.104e+01 9.768e-01 9.985e-01 9.990e-01 9.995e-01 9.994e-01 9.994e-01 9.994e-01 9.994e-01
6.204e+01 9.855e-01 9.997e-01 9.986e-01 9.991e-01 9.993e-01 9.994e-01 9.994e-01 9.994e-01
6.304e+01 9.893e-01 9.978e-01 9.995e-01 9.991e-01 9.991e-01 9.992e-01 9.993e-01 9.994e-01
6.404e+01 9.818e-01 9.979e-01 9.990e-01 9.994e-01 9.994e-01 9.994e-01 9.994e-01 9.993e-01
6.503e+01 9.846e-01 9.996e-01 9.986e-01 9.989e-01 9.991e-01 9.992e-01 9.993e-01 9.993e-01
6.603e+01 9.929e-01 9.982e-01 9.994e-01 9.992e-01 9.993e-01 9.994e-01 9.994e-01 9.993e-01
6.703e+01 9.879e-01 9.976e-01 9.989e-01 9.993e-01 9.993e-01 9.992e-01 9.992e-01 9.993e-01
6.803e+01 9.842e-01 9.995e-01 9.985e-01 9.988e-01 9.990e-01 9.992e-01 9.993e-01 9.993e-01
6.903e+01 9.930e-01 9.987e-01 9.993e-01 9.992e-01 9.993e-01 9.993e-01 9.992e-01 9.993e-01
7.003e+01 9.939e-01 9.973e-01 9.989e-01 9.990e-01 9.990e-01 9.991e-01 9.993e-01 9.993e-01
7.103e+01 9.863e-01 9.991e-01 9.985e-01 9.988e-01 9.991e-01 9.993e-01 9.992e-01 9.993e-01
7.203e+01 9.909e-01 9.991e-01 9.993e-01 9.993e-01 9.992e-01 9.991e-01 9.992e-01 9.993e-01
7.303e+01 9.973e-01 9.973e-01 9.988e-01 9.989e-01 9.989e-01 9.992e-01 9.992e-01 9.992e-01
7.403e+01 9.905e-01 9.986e-01 9.984e-01 9.988e-01 9.992e-01 9.991e-01 9.992e-01 9.993e-01
7.503e+01 9.886e-01 9.994e-01 9.992e-01 9.992e-01 9.990e-01 9.991e-01 9.992e-01 9.992e-01
7.602e+01 9.972e-01 9.975e-01 9.987e-01 9.987e-01 9.990e-01 9.992e-01 9.991e-01 9.992e-01
7.702e+01 9.952e-01 9.980e-01 9.983e-01 9.989e-01 9.991e-01 9.990e-01 9.992e-01 9.992e-01
7.802e+01 9.884e-01 9.995e-01 9.991e-01 9.990e-01 9.988e-01 9.992e-01 9.991e-01 9.992e-01
7.902e+01 9.946e-01 9.977e-01 9.986e-01 9.986e-01 9.991e-01 9.990e-01 9.992e-01 9.991e-01
8.002e+01 9.987e-01 9.975e-01 9.982e-01 9.989e-01 9.989e-01 9.991e-01 9.990e-01 9.992e-01
8.102e+01 9.908e-01 9.993e-01 9.990e-01 9.988e-01 9.988e-01 9.990e-01 9.991e-01 9.991e-01
8.202e+01 9.913e-01 9.981e-01 9.985e-01 9.985e-01 9.990e-01 9.989e-01 9.990e-01 9.992e-01
8.302e+01 9.992e-01 9.972e-01 9.982e-01 9.990e-01 9.987e-01 9.991e-01 9.991e-01 9.991e-01
8.402e+01 9.948e-01 9.990e-01 9.990e-01 9.986e-01 9.989e-01 9.988e-01 9.990e-01 9.991e-01
8.502e+01 9.895e-01 9.985e-01 9.984e-01 9.985e-01 9.988e-01 9.990e-01 9.990e-01 9.990e-01
8.601e+01 9.969e-01 9.970e-01 9.982e-01 9.989e-01 9.987e-01 9.988e-01 9.990e-01 9.991e-01
8.701e+01 9.984e-01 9.985e-01 9.989e-01 9.984e-01 9.989e-01 9.989e-01 9.989e-01 9.990e-01
8.801e+01 9.903e-01 9.988e-01 9.982e-01 9.986e-01 9.986e-01 9.989e-01 9.990e-01 9.991e-01
8.901e+01 9.932e-01 9.970e-01 9.981e-01 9.988e-01 9.988e-01 9.988e-01 9.989e-01 9.990e-01
9.001e+01 9.997e-01 9.980e-01 9.989e-01 9.983e-01 9.988e-01 9.989e-01 9.990e-01 9.991e-01
9.101e+01 9.934e-01 9.990e-01 9.982e-01 9.986e-01 9.985e-01 9.987e-01 9.988e-01 9.989e-01
9.201e+01 9.903e-01 9.972e-01 9.981e-01 9.986e-01 9.988e-01 9.989e-01 9.989e-01 9.990e-01
9.301e+01 9.983e-01 9.975e-01 9.987e-01 9.982e-01 9.985e-01 9.987e-01 9.988e-01 9.989e-01
9.401e+01 9.971e-01 9.990e-01 9.980e-01 9.987e-01 9.986e-01 9.987e-01 9.989e-01 9.990e-01
9.501e+01 9.898e-01 9.974e-01 9.980e-01 9.983e-01 9.987e-01 9.988e-01 9.988e-01 9.989e-01
9.600e+01 9.949e-01 9.970e-01 9.987e-01 9.982e-01 9.984e-01 9.986e-01 9.988e-01 9.989e-01
9.700e+01 9.994e-01 9.988e-01 9.979e-01 9.986e-01 9.987e-01 9.988e-01 9.988e-01 9.988e-01
9.800e+01 9.918e-01 9.978e-01 9.979e-01 9.981e-01 9.984e-01 9.986e-01 9.987e-01 9.989e-01
9.900e+01 9.914e-01 9.967e-01 9.986e-01 9.983e-01 9.985e-01 9.987e-01 9.988e-01 9.988e-01
