Adiabatic Optimization using RK45 ODE Solver
and Basinhopping 'L-BSF-L' minimization algorithm

#   prob   time   beta    comp_time(min)
3   1.00	 8.999 	2.985 	<1
5 	1.00 	 17.24 	4.440 	1
7 	1.00 	 35.47 	3.899 	2.5
9 	1.00 	 56.63 	3.033 	6.5
11 	0.999  70.22 	2.054 	12
13 	0.999	 117.7 	2.215 	34
15 	0.997  124.0 	1.470 	66
17 	0.997	 177.7 	1.511 	115
19 	0.995	 237.7 	1.507 	197
21	0.991	 211.3 	0.918 	203
23 	0.989  250. 	0.860 	500
25	0.986	 282	  0.707	  399
27	0.979	 294.6	0.604	  416
29  0.979  350.   0.618   621
