3 0.4875859438633557 0.5928816787321102 0.5924192140951068 0.5931439134444143 0.5873172174423612
5 1.105703292052541 1.833503334555598 1.824244758012255 1.8406091262706956 1.7212297342283307
7 1.8688645948758316 4.21797324409121 4.172062401365331 4.298979282791232 3.5688025355751996
9 3.6592936744242675 7.073483185456812 7.0557936749641215 7.5502230244033814 5.535156502525655
11 5.878786621457933 9.660124191855726 10.051487279793959 11.297392423323878 7.614662967436041
13 9.090113993395418 12.474773799969741 13.749563656524103 15.540871894244631 10.593206516702024
15 13.120680031294599 16.29020805929858 18.399964496058967 20.758656680427293 14.639235291609136
17 18.569269039232392 20.891490715309832 23.529988698130477 26.496554928964166 18.90261895708897
19 25.061622037231984 26.00196614990908 29.123201047375396 32.774521475673055 23.575360616471702
21 33.134777497450756 31.984724352528563 35.7828544298497 40.06234341273596 28.99191677083904
23 42.3146175592196 38.453502747476016 42.927672204869125 48.014822436915956 34.81020842457351
25 53.01351816451029 45.78307737820957 51.08746514586764 57.012958521827485 41.42536903635316
27 65.37664483390868 53.595430100667926 59.6853247234135 66.52146374919496 48.47445602736577
29 77.8989991531891 61.864502416138585 68.77036358660934 76.83727805945773 56.00411061088077
31 102.34320269111251 70.94898674969498 79.10191087821313 87.96868579659397 64.2433335162591
