3 0.6027661907618724 0.8590819957326399 0.856615946819091 0.8607165209387466 0.829216840853045
5 1.4192878712630348 3.3582218287753953 3.321407203081726 3.4260182994467088 2.8306847122373155
7 3.295701358547961 5.82051337540632 5.888010120298468 6.446199021662233 4.518708215763713
9 6.155364417422208 8.575171167654403 9.398469460004055 10.615077890679666 7.197059797390268
11 10.566392985483999 12.384037881094812 13.996520292242838 15.77337303939462 11.18669582491288
13 17.070535914767838 17.180978267315982 19.271624720026367 21.685416107369797 15.575788156152143
15 26.87958754194637 23.223156005171127 25.959360474557254 29.051680590995446 21.0323550114574
17 38.64472034289041 29.93819290972464 33.35805562234046 37.244928104321424 27.169917313058544
19 52.81498122721625 37.28709414284157 41.51602528569209 46.29843929223451 33.73318946754999
21 67.87929601870856 45.912329365504256 51.01419565518261 57.167792465161256 41.458333653555265
23 86.72324534603189 54.94729363281604 61.31858754616124 68.21476322861271 49.803795871437806
25 111.63984003218009 65.14030118630411 73.05807959857219 81.78197246391039 59.56757348006921
27 139.91848134013944 75.61122808430247 85.03760003702492 94.52178178715361 68.82564554532259
29 179.27361639882605 87.31122206910898 98.44197804309302 109.61329921425597 79.87867161687498
31 200.48137931988862 99.66908179748543 112.857598530664 126.13797931048872 91.07383874815389
