3 2.4379297193167786 2.964408393660551 2.9620960704755337 2.9657195672220715 2.936586087211806
5 2.764258230131352 4.583758336388995 4.560611895030638 4.601522815676739 4.303074335570827
7 2.3360807435947892 5.272466555114013 5.215078001706663 5.373724103489041 4.4610031694689996
9 2.613781196017334 5.0524879896120085 5.0398526249743725 5.393016446002416 3.9536832160897535
11 2.7994222006942535 4.600059138978917 4.786422514187599 5.379710677773275 3.6260299844933526
13 3.1345220666880755 4.301646137920601 4.741228847077277 5.358921342842977 3.6528298333455256
15 3.3642769311011795 4.1769764254611745 4.717939614374095 5.322732482160845 3.7536500747715738
17 3.7138538078464784 4.178298143061967 4.7059977396260955 5.299310985792833 3.780523791417794
19 4.042197102779352 4.193865508049852 4.6972904915121605 5.28621314123759 3.8024775187857585
21 4.359839144401415 4.2085163621748105 4.708270319717065 5.271360975359995 3.8147258908998736
23 4.649957973540615 4.225659642579782 4.717326615919684 5.276354113946808 3.825297629074012
25 4.908659089306508 4.239173831315701 4.730320846839596 5.278977640909952 3.835682318180848
27 5.188622605865769 4.253605563545073 4.736930533604246 5.279481249936108 3.8471790497909337
29 5.372344769185455 4.266517408009557 4.74278369562823 5.299122624790188 3.862352455922812
31 6.165253174163404 4.274035346367167 4.765175354109224 5.299318421481564 3.8700803323047643
